r12 	 r13 	 zeta_l(r12,r23) 
2.5	2.5	18.202217735616202
2.5	7.5	3.933014049347337
2.5	12.5	1.6417178813002191
2.5	17.5	0.8512786740508395
2.5	22.5	0.492630330459956
2.5	27.5	0.30504556521983794
2.5	32.5	0.19780888453616055
2.5	37.5	0.13259987256262995
2.5	42.5	0.09107657103778513
2.5	47.5	0.06369020205599168
2.5	52.5	0.04510726713996878
2.5	57.5	0.03219654801988598
2.5	62.5	0.023028372081122187
2.5	67.5	0.01634699039819738
2.5	72.5	0.011325055219646342
2.5	77.5	0.00749107165405624
2.5	82.5	0.004953997393796935
2.5	87.5	0.0048137737183489735
2.5	92.5	0.007920042198962267
2.5	97.5	0.011357979921428058
2.5	102.5	0.011085108271583922
2.5	107.5	0.007642853381948954
2.5	112.5	0.003770783744640244
2.5	117.5	0.0008984366216932937
2.5	122.5	-0.0008549316575613533
2.5	127.5	-0.0017968102872444607
2.5	132.5	-0.002239704145583118
2.5	137.5	-0.0023952655182596554
2.5	142.5	-0.0023945829457151105
2.5	147.5	-0.002312291266859931
2.5	152.5	-0.0021899138752565074
2.5	157.5	-0.0020504022553957365
7.5	7.5	0.967708591561052
7.5	12.5	0.37830221898605576
7.5	17.5	0.1926807132296997
7.5	22.5	0.11160159825054305
7.5	27.5	0.06943376381233539
7.5	32.5	0.045252937100477744
7.5	37.5	0.03046957285904616
7.5	42.5	0.021006162149908126
7.5	47.5	0.01473559380645938
7.5	52.5	0.010463260294271562
7.5	57.5	0.007483541218759221
7.5	62.5	0.0053585894572355025
7.5	67.5	0.003804338844962703
7.5	72.5	0.0026417925911626406
7.5	77.5	0.0017896935661211111
7.5	82.5	0.0013081301234454611
7.5	87.5	0.0013575160825710193
7.5	92.5	0.001914946793568593
7.5	97.5	0.0024387713005672865
7.5	102.5	0.0023396030669069197
7.5	107.5	0.0016837466116866545
7.5	112.5	0.0008921012081020621
7.5	117.5	0.00025624995164266366
7.5	122.5	-0.00015520496269648374
7.5	127.5	-0.0003857206613289921
7.5	132.5	-0.0004984508301450873
7.5	137.5	-0.000541486820883478
7.5	142.5	-0.0005457536387841634
7.5	147.5	-0.0005294404021226098
7.5	152.5	-0.0005028752307506886
7.5	157.5	-0.00047172278336981075
12.5	12.5	0.15731606606019646
12.5	17.5	0.07753359310052857
12.5	22.5	0.04452841050481068
12.5	27.5	0.027866748420534746
12.5	32.5	0.018315799714552185
12.5	37.5	0.012430554256989638
12.5	42.5	0.008627709364525468
12.5	47.5	0.0060862676873342505
12.5	52.5	0.004341590676702987
12.5	57.5	0.0031155581805226654
12.5	62.5	0.002235362258677488
12.5	67.5	0.001591088681449564
12.5	72.5	0.0011244109367664849
12.5	77.5	0.0008213718343327316
12.5	82.5	0.0006753785980915054
12.5	87.5	0.0006704827897174369
12.5	92.5	0.0008045799063178355
12.5	97.5	0.0009183039557554743
12.5	102.5	0.0008316975181466149
12.5	107.5	0.0006077936865791813
12.5	112.5	0.0003585946191121107
12.5	117.5	0.0001370863620813242
12.5	122.5	-2.7481994966330483e-05
12.5	127.5	-0.00013058574296338494
12.5	132.5	-0.0001860703278336886
12.5	137.5	-0.00021044713155753654
12.5	142.5	-0.00021654951389340327
12.5	147.5	-0.00021256208391740933
12.5	152.5	-0.00020331610022097167
12.5	157.5	-0.00019156329292421498
17.5	17.5	0.03709519725728589
17.5	22.5	0.021230890668921087
17.5	27.5	0.01337511480455737
17.5	32.5	0.008924443065377928
17.5	37.5	0.006146638860773784
17.5	42.5	0.004319698517969233
17.5	47.5	0.0030781941098298516
17.5	52.5	0.0022131501556742358
17.5	57.5	0.0015974183421037199
17.5	62.5	0.001152738506725233
17.5	67.5	0.000834388409167974
17.5	72.5	0.0006253432292777516
17.5	77.5	0.0004986525543541415
17.5	82.5	0.0004070006073879959
17.5	87.5	0.00036356724766915534
17.5	92.5	0.00040630807714864015
17.5	97.5	0.00044201497591171647
17.5	102.5	0.00037281327242431666
17.5	107.5	0.00025090845583162455
17.5	112.5	0.00015040843258046712
17.5	117.5	7.448823788581597e-05
17.5	122.5	8.797479666468833e-06
17.5	127.5	-4.306227869426568e-05
17.5	132.5	-7.674975712355251e-05
17.5	137.5	-9.462797290474432e-05
17.5	142.5	-0.00010170272682524362
17.5	147.5	-0.00010228715919913111
17.5	152.5	-9.92465264801867e-05
17.5	157.5	-9.434075393302529e-05
22.5	22.5	0.01022890936291785
22.5	27.5	0.006702929748732959
22.5	32.5	0.004622217794275808
22.5	37.5	0.0032822963273436744
22.5	42.5	0.002363770083781546
22.5	47.5	0.0017163104749031433
22.5	52.5	0.001251585362707918
22.5	57.5	0.0009144152702609988
22.5	62.5	0.0006737071280491284
22.5	67.5	0.0005144347028082227
22.5	72.5	0.00041369027059187506
22.5	77.5	0.0003262847929436369
22.5	82.5	0.0002430821652898901
22.5	87.5	0.00020695888069414476
22.5	92.5	0.00023486642919174947
22.5	97.5	0.00025022530387286277
22.5	102.5	0.0001987573892348019
22.5	107.5	0.00011877043627438317
22.5	112.5	5.844788048015929e-05
22.5	117.5	2.8763549193308085e-05
22.5	122.5	1.0876466751628662e-05
22.5	127.5	-9.259978780769952e-06
22.5	132.5	-2.8705387364610274e-05
22.5	137.5	-4.2457325508440484e-05
22.5	142.5	-4.993171293911696e-05
22.5	147.5	-5.2747653126245166e-05
22.5	152.5	-5.266094723236106e-05
22.5	157.5	-5.0917939707661864e-05
27.5	27.5	0.0028442775571604216
27.5	32.5	0.0022308413334574157
27.5	37.5	0.0017198580953776198
27.5	42.5	0.0013104344724678937
27.5	47.5	0.0009894320472320784
27.5	52.5	0.0007431054126668367
27.5	57.5	0.0005607903585737748
27.5	62.5	0.00043799100774857705
27.5	67.5	0.00035745895695610583
27.5	72.5	0.00028465587850603385
27.5	77.5	0.00020666013156286057
27.5	82.5	0.00014468945529390114
27.5	87.5	0.00012841272390171651
27.5	92.5	0.00015408107227808096
27.5	97.5	0.00015935040357931672
27.5	102.5	0.00011845687973530276
27.5	107.5	6.451068803046048e-05
27.5	112.5	2.3780306393199006e-05
27.5	117.5	3.5851044357515426e-06
27.5	122.5	-2.6488566558090534e-08
27.5	127.5	-8.90773833904513e-07
27.5	132.5	-7.234745209621212e-06
27.5	137.5	-1.599697505738829e-05
27.5	142.5	-2.2933098570906827e-05
27.5	147.5	-2.6919427663684604e-05
27.5	152.5	-2.8492995817387183e-05
27.5	157.5	-2.85022475270583e-05
32.5	32.5	0.0005984782685195999
32.5	37.5	0.0007049415761526013
32.5	42.5	0.0006504364360182503
32.5	47.5	0.0005459731701280548
32.5	52.5	0.0004428583129487526
32.5	57.5	0.00036406595475248514
32.5	62.5	0.0003082423510633616
32.5	67.5	0.00025159292325608907
32.5	72.5	0.00018705734329140888
32.5	77.5	0.00012780868503154587
32.5	82.5	9.005394282714013e-05
32.5	87.5	8.888579639641064e-05
32.5	92.5	0.00011279255276994406
32.5	97.5	0.00011104504246647832
32.5	102.5	7.557001906546718e-05
32.5	107.5	3.755565688414355e-05
32.5	112.5	1.1285014945365337e-05
32.5	117.5	-3.5102446264643432e-06
32.5	122.5	-7.762018035818013e-06
32.5	127.5	-4.197175230900641e-06
32.5	132.5	-1.0434026710865918e-06
32.5	137.5	-3.114566551743839e-06
32.5	142.5	-7.864603989217267e-06
32.5	147.5	-1.2044549286245703e-05
32.5	152.5	-1.4592587046425636e-05
32.5	157.5	-1.5726334659022064e-05
37.5	37.5	-9.688963922248588e-05
37.5	42.5	0.00015658878485647808
37.5	47.5	0.00023602856410520121
37.5	52.5	0.0002490986401957296
37.5	57.5	0.00024050084856540457
37.5	62.5	0.00021130652467175382
37.5	67.5	0.00016480926051917869
37.5	72.5	0.00011739386543615151
37.5	77.5	7.984684891230928e-05
37.5	82.5	6.0074514221501407e-05
37.5	87.5	6.783764986272084e-05
37.5	92.5	8.969796519943392e-05
37.5	97.5	8.296769924941948e-05
37.5	102.5	5.0337923486534194e-05
37.5	107.5	2.1925446751282043e-05
37.5	112.5	5.4201663955955094e-06
37.5	117.5	-3.5885610873793274e-06
37.5	122.5	-7.890103748549535e-06
37.5	127.5	-7.373012837108328e-06
37.5	132.5	-2.826956235279225e-06
37.5	137.5	6.226924302663564e-07
37.5	142.5	-1.1638985325564698e-07
37.5	147.5	-3.1183112541426452e-06
37.5	152.5	-5.9677578944921225e-06
37.5	157.5	-7.834827164248003e-06
42.5	42.5	-0.0002808372354836374
42.5	47.5	-1.8847116747812106e-05
42.5	52.5	0.00010007321235434642
42.5	57.5	0.0001346307154407641
42.5	62.5	0.00012383445651531025
42.5	67.5	9.706310044878624e-05
42.5	72.5	7.076754934398508e-05
42.5	77.5	5.054932231154968e-05
42.5	82.5	4.2485382416332945e-05
42.5	87.5	5.534076045503158e-05
42.5	92.5	7.542157556528548e-05
42.5	97.5	6.53749138939695e-05
42.5	102.5	3.445562137187458e-05
42.5	107.5	1.2018872994820401e-05
42.5	112.5	1.7833897108803835e-06
42.5	117.5	-2.7684430372275433e-06
42.5	122.5	-5.227204277773085e-06
42.5	127.5	-6.261847692392929e-06
42.5	132.5	-4.8003397888486986e-06
42.5	137.5	-9.085171022888427e-07
42.5	142.5	1.967980945885785e-06
42.5	147.5	1.6256796502742388e-06
42.5	152.5	-5.056999054490448e-07
42.5	157.5	-2.632353777365191e-06
47.5	47.5	-0.0002676166533436767
47.5	52.5	-5.728077725624238e-05
47.5	57.5	2.50028312059732e-05
47.5	62.5	4.6459639347386194e-05
47.5	67.5	4.569649012034726e-05
47.5	72.5	3.8406508112238575e-05
47.5	77.5	3.092844269924879e-05
47.5	82.5	3.06947852993552e-05
47.5	87.5	4.675142140526039e-05
47.5	92.5	6.562483717512025e-05
47.5	97.5	5.3590101810331555e-05
47.5	102.5	2.3940628401377437e-05
47.5	107.5	5.4022914094676854e-06
47.5	112.5	-7.769204687228713e-07
47.5	117.5	-2.3131925163470058e-06
47.5	122.5	-2.9624226686281904e-06
47.5	127.5	-3.62063915197285e-06
47.5	132.5	-3.847186397035677e-06
47.5	137.5	-2.5171969353492133e-06
47.5	142.5	4.977950265554769e-07
47.5	147.5	2.6877292219948526e-06
47.5	152.5	2.4433530861441977e-06
47.5	157.5	8.24014684460974e-07
52.5	52.5	-0.00024143658683940952
52.5	57.5	-9.29891103159915e-05
52.5	62.5	-2.4428363070716484e-05
52.5	67.5	3.0519786141675815e-06
52.5	72.5	1.2712692242702301e-05
52.5	77.5	1.5509145386742037e-05
52.5	82.5	2.1280138458701474e-05
52.5	87.5	3.978700390628595e-05
52.5	92.5	5.81144106493527e-05
52.5	97.5	4.515919416720703e-05
52.5	102.5	1.664721800145792e-05
52.5	107.5	7.946521633818858e-07
52.5	112.5	-2.6841969159365097e-06
52.5	117.5	-2.2091398978495045e-06
52.5	122.5	-1.5547521748963147e-06
52.5	127.5	-1.500189168142014e-06
52.5	132.5	-1.8099793709870765e-06
52.5	137.5	-1.9407448394062353e-06
52.5	142.5	-9.503066319265513e-07
52.5	147.5	1.2898587561651888e-06
52.5	152.5	2.924740984287344e-06
52.5	157.5	2.718765280687443e-06
57.5	57.5	-0.00022080601032356854
57.5	62.5	-9.989460691130155e-05
57.5	67.5	-3.927451721837055e-05
57.5	72.5	-1.1863153192833742e-05
57.5	77.5	9.206684692234636e-07
57.5	82.5	1.228211606551489e-05
57.5	87.5	3.317858641183767e-05
57.5	92.5	5.165424497769866e-05
57.5	97.5	3.867237998994265e-05
57.5	102.5	1.1333475746540082e-05
57.5	107.5	-2.5629607586089354e-06
57.5	112.5	-4.179040275741399e-06
57.5	117.5	-2.33282693346437e-06
57.5	122.5	-7.74940481196068e-07
57.5	127.5	-1.5188566159007598e-07
57.5	132.5	-1.742065560687063e-07
57.5	137.5	-5.100764517146558e-07
57.5	142.5	-6.927501955990863e-07
57.5	147.5	-9.363104618756532e-09
57.5	152.5	1.6681000254864408e-06
57.5	157.5	2.9027164160887708e-06
62.5	62.5	-0.00018610134404352792
62.5	67.5	-8.991513987858024e-05
62.5	72.5	-3.99279124097945e-05
62.5	77.5	-1.530728138471778e-05
62.5	82.5	2.3371793246763624e-06
62.5	87.5	2.6073979684781046e-05
62.5	92.5	4.5450285529969724e-05
62.5	97.5	3.3250740826157345e-05
62.5	102.5	7.233314108188014e-06
62.5	107.5	-5.14371057100985e-06
62.5	112.5	-5.434048302964028e-06
62.5	117.5	-2.610586192315016e-06
62.5	122.5	-4.061962143184225e-07
62.5	127.5	6.265229726738649e-07
62.5	132.5	8.665260771849021e-07
62.5	137.5	6.602928033710104e-07
62.5	142.5	2.8438801645426453e-07
62.5	147.5	5.842736026322665e-08
62.5	152.5	5.39700529577203e-07
62.5	157.5	1.81100722249278e-06
67.5	67.5	-0.00015232682464669763
67.5	72.5	-7.704478532468156e-05
67.5	77.5	-3.597508244030131e-05
67.5	82.5	-1.002862092872842e-05
67.5	87.5	1.7571727392963816e-05
67.5	92.5	3.8774143843372806e-05
67.5	97.5	2.8205084890649535e-05
67.5	102.5	3.7747825302386606e-06
67.5	107.5	-7.313446296249523e-06
67.5	112.5	-6.604069202728061e-06
67.5	117.5	-3.044164470835003e-06
67.5	122.5	-3.4095546422413155e-07
67.5	127.5	1.011161615015895e-06
67.5	132.5	1.4639734640796617e-06
67.5	137.5	1.4120461378743946e-06
67.5	142.5	1.1205720184698185e-06
67.5	147.5	7.422546333191543e-07
67.5	152.5	5.13332008242664e-07
67.5	157.5	8.4980527228037e-07
72.5	72.5	-0.00012447641961906345
72.5	77.5	-6.46651956010295e-05
72.5	82.5	-2.653646956141744e-05
72.5	87.5	6.757118238408203e-06
72.5	92.5	3.1003650494434665e-05
72.5	97.5	2.303608342078595e-05
72.5	102.5	5.768670314238338e-07
72.5	107.5	-9.306493949869722e-06
72.5	112.5	-7.79358328602419e-06
72.5	117.5	-3.644860830972578e-06
72.5	122.5	-5.228640108180401e-07
72.5	127.5	1.114398008163674e-06
72.5	132.5	1.7594391414262827e-06
72.5	137.5	1.84775970867505e-06
72.5	142.5	1.6669588156941152e-06
72.5	147.5	1.3486537070583663e-06
72.5	152.5	9.953686991581092e-07
72.5	157.5	7.707400373124069e-07
77.5	77.5	-0.00010141845081654231
77.5	82.5	-4.9557520407992565e-05
77.5	87.5	-7.469313590896473e-06
77.5	92.5	2.1572477512775004e-05
77.5	97.5	1.74072310638506e-05
77.5	102.5	-2.5617706494491785e-06
77.5	107.5	-1.1232003784787818e-05
77.5	112.5	-9.046133105642478e-06
77.5	117.5	-4.404135853263136e-06
77.5	122.5	-9.056934329358197e-07
77.5	127.5	1.0050186070354e-06
77.5	132.5	1.841092207653867e-06
77.5	137.5	2.061491642134929e-06
77.5	142.5	1.9772852853262318e-06
77.5	147.5	1.7365581404026272e-06
77.5	152.5	1.4260842666712792e-06
77.5	157.5	1.0995818707634616e-06
82.5	82.5	-7.584522436364439e-05
82.5	87.5	-2.4793783230758053e-05
82.5	92.5	1.1238202838169143e-05
82.5	97.5	1.2186163585172404e-05
82.5	102.5	-4.872552669647965e-06
82.5	107.5	-1.249469057491383e-05
82.5	112.5	-9.92134101794624e-06
82.5	117.5	-5.00033922424913e-06
82.5	122.5	-1.2576092285949441e-06
82.5	127.5	8.465288694021959e-07
82.5	132.5	1.8196359954865187e-06
82.5	137.5	2.1291410184290938e-06
82.5	142.5	2.102222813952424e-06
82.5	147.5	1.9048807943589111e-06
82.5	152.5	1.631758724788374e-06
82.5	157.5	1.3215391876837622e-06
87.5	87.5	-3.747912294672165e-05
87.5	92.5	4.2135682224427694e-06
87.5	97.5	1.10566930496933e-05
87.5	102.5	-3.3926713819809226e-06
87.5	107.5	-1.0911783145373713e-05
87.5	112.5	-8.887015425879718e-06
87.5	117.5	-4.384421269108175e-06
87.5	122.5	-8.762880745513995e-07
87.5	127.5	1.0941544515424648e-06
87.5	132.5	1.9735413171197286e-06
87.5	137.5	2.206985406673018e-06
87.5	142.5	2.1155056887434326e-06
87.5	147.5	1.8643329432667479e-06
87.5	152.5	1.552934603838501e-06
87.5	157.5	1.2204499397094689e-06
92.5	92.5	2.3549863599252404e-06
92.5	97.5	1.4824249736503801e-05
92.5	102.5	2.724325639761944e-06
92.5	107.5	-5.867196136874557e-06
92.5	112.5	-5.562693879850135e-06
92.5	117.5	-2.328379466504938e-06
92.5	122.5	3.830946454890516e-07
92.5	127.5	1.8527766449561406e-06
92.5	132.5	2.398716495618022e-06
92.5	137.5	2.3974487452817056e-06
92.5	142.5	2.133443830171779e-06
92.5	147.5	1.7547023935156633e-06
92.5	152.5	1.351005728196176e-06
92.5	157.5	9.573144364114083e-07
97.5	97.5	9.665845932182103e-06
97.5	102.5	3.2306972909257057e-06
97.5	107.5	-4.679378477669712e-06
97.5	112.5	-5.073604625972891e-06
97.5	117.5	-2.348356832017396e-06
97.5	122.5	1.6753943263937994e-07
97.5	127.5	1.6109194235553925e-06
97.5	132.5	2.1935967711738386e-06
97.5	137.5	2.245084493627541e-06
97.5	142.5	2.03260490549838e-06
97.5	147.5	1.7006513463029034e-06
97.5	152.5	1.3393095042011777e-06
97.5	157.5	9.862865141751677e-07
102.5	102.5	-8.85366223067996e-06
102.5	107.5	-1.2074941788004592e-05
102.5	112.5	-1.0439997358617653e-05
102.5	117.5	-6.329003599953736e-06
102.5	122.5	-2.6821783789834582e-06
102.5	127.5	-3.387454718461496e-07
102.5	132.5	9.267193716559384e-07
102.5	137.5	1.4851296407455662e-06
102.5	142.5	1.6464845101586253e-06
102.5	147.5	1.5904272779691982e-06
102.5	152.5	1.434324471137509e-06
102.5	157.5	1.235635684687894e-06
107.5	107.5	-2.3614901795003707e-05
107.5	112.5	-1.8566730627551313e-05
107.5	117.5	-1.1932051107823896e-05
107.5	122.5	-6.470788867180974e-06
107.5	127.5	-2.827781134184841e-06
107.5	132.5	-6.509266130214065e-07
107.5	137.5	5.392177760790177e-07
107.5	142.5	1.1371395719584537e-06
107.5	147.5	1.384355183009642e-06
107.5	152.5	1.4390557259025112e-06
107.5	157.5	1.387716147666771e-06
112.5	112.5	-2.7118014035523395e-05
112.5	117.5	-1.8020941817513986e-05
112.5	122.5	-1.0378520994189383e-05
112.5	127.5	-5.2962040782943905e-06
112.5	132.5	-2.182181446573234e-06
112.5	137.5	-3.8472546878092526e-07
112.5	142.5	6.054949734832126e-07
112.5	147.5	1.10644193944263e-06
112.5	152.5	1.3256817193628498e-06
112.5	157.5	1.3799265336425076e-06
117.5	117.5	-2.487669517421115e-05
117.5	122.5	-1.5162064509603405e-05
117.5	127.5	-8.198841040509743e-06
117.5	132.5	-3.945936431200302e-06
117.5	137.5	-1.456384953115507e-06
117.5	142.5	-4.256165324822252e-08
117.5	147.5	7.193972617994937e-07
117.5	152.5	1.0995075807171072e-06
117.5	157.5	1.2535944506583779e-06
122.5	122.5	-2.1165465888701788e-05
122.5	127.5	-1.2286023688428708e-05
122.5	132.5	-6.3621608686061094e-06
122.5	137.5	-2.910557529416775e-06
122.5	142.5	-9.334398496627878e-07
122.5	147.5	1.654079695412442e-07
122.5	152.5	7.501389425649745e-07
122.5	157.5	1.0299039645183345e-06
127.5	127.5	-1.7643578910186892e-05
127.5	132.5	-9.952095183954052e-06
127.5	137.5	-5.014717507011233e-06
127.5	142.5	-2.2036954540048683e-06
127.5	147.5	-6.223048365780622e-07
127.5	152.5	2.5006685663419077e-07
127.5	157.5	7.049291300182354e-07
132.5	132.5	-1.4663718808156716e-05
132.5	137.5	-8.142804613998537e-06
132.5	142.5	-4.033474864387496e-06
132.5	147.5	-1.73035276851624e-06
132.5	152.5	-4.42751423270217e-07
132.5	157.5	2.5986103811349316e-07
137.5	137.5	-1.2225016235644794e-05
137.5	142.5	-6.732035914205674e-06
137.5	147.5	-3.3087732405212093e-06
137.5	152.5	-1.4018261503573264e-06
137.5	157.5	-3.4263679620954544e-07
142.5	142.5	-1.0230430840161775e-05
142.5	147.5	-5.617344960775667e-06
142.5	152.5	-2.753227045954009e-06
142.5	157.5	-1.1651543073447774e-06
147.5	147.5	-8.60359416179545e-06
147.5	152.5	-4.723531371693744e-06
147.5	157.5	-2.3197989303473114e-06
152.5	152.5	-7.266774115059362e-06
152.5	157.5	-3.998787677248807e-06
157.5	157.5	-6.16667169429152e-06
