ombh2=0.022 (fiducial)
# Corfunc6		 #r_Array
3.375824401788258267e-01 1.000000000000000000e+01
2.982369150071662034e-01 1.076305220883534197e+01
2.647656547769978164e-01 1.152610441767068217e+01
2.357824260196258459e-01 1.228915662650602414e+01
2.107106012032808895e-01 1.305220883534136611e+01
1.892501816138319470e-01 1.381526104417670808e+01
1.708999185537732612e-01 1.457831325301204828e+01
1.549290885426962971e-01 1.534136546184739025e+01
1.406975684216955347e-01 1.610441767068273222e+01
1.279144554255538524e-01 1.686746987951807242e+01
1.165689477049965117e-01 1.763052208835341617e+01
1.066447116908660619e-01 1.839357429718875636e+01
9.793039707364176172e-02 1.915662650602409656e+01
9.009435069726426382e-02 1.991967871485943675e+01
8.289986033182589198e-02 2.068273092369478050e+01
7.631421403005136939e-02 2.144578313253012070e+01
7.041034688937528041e-02 2.220883534136546444e+01
6.518780755449921083e-02 2.297188755020080464e+01
6.050669548704124684e-02 2.373493975903614484e+01
5.618631946621677198e-02 2.449799196787148503e+01
5.214310880696439859e-02 2.526104417670682878e+01
4.841722546987181630e-02 2.602409638554216897e+01
4.507204191317062958e-02 2.678714859437751272e+01
4.208600019525760710e-02 2.755020080321285292e+01
3.935124890174716145e-02 2.831325301204819311e+01
3.676785485928473624e-02 2.907630522088353686e+01
3.432372806701114443e-02 2.983935742971887706e+01
3.207573046933160504e-02 3.060240963855421725e+01
3.006194670911184821e-02 3.136546184738956100e+01
2.824474676245999558e-02 3.212851405622490120e+01
2.654214250425534008e-02 3.289156626506024139e+01
2.490537802186430436e-02 3.365461847389558159e+01
2.335525762737637734e-02 3.441767068273092889e+01
2.194180445855029721e-02 3.518072289156626198e+01
2.067714174070662755e-02 3.594377510040160928e+01
1.951592960036687210e-02 3.670682730923694947e+01
1.840035129673976699e-02 3.746987951807228967e+01
1.731579780563755749e-02 3.823293172690763697e+01
1.629626332237650577e-02 3.899598393574297006e+01
1.537747548181777821e-02 3.975903614457831736e+01
1.455237327110716836e-02 4.052208835341365756e+01
1.377679260778206204e-02 4.128514056224899775e+01
1.301539742944832038e-02 4.204819277108433795e+01
1.227507282586500978e-02 4.281124497991967814e+01
1.159040334702421057e-02 4.357429718875502545e+01
1.098039424430152788e-02 4.433734939759036564e+01
1.042535927353061692e-02 4.510040160642570584e+01
9.887785795188118107e-03 4.586345381526104603e+01
9.351488400268051157e-03 4.662650602409638623e+01
8.835225375896212097e-03 4.738955823293172642e+01
8.367596610653603786e-03 4.815261044176707372e+01
7.952988148091800352e-03 4.891566265060241392e+01
7.566302174156752831e-03 4.967871485943775411e+01
7.180349798114076497e-03 5.044176706827309431e+01
6.794010120878308731e-03 5.120481927710843451e+01
6.430316253431607454e-03 5.196787148594377470e+01
6.108307297630373792e-03 5.273092369477912200e+01
5.820971321994041978e-03 5.349397590361446220e+01
5.543054707281377946e-03 5.425702811244980239e+01
5.258509897944475472e-03 5.502008032128514259e+01
4.976421931896958875e-03 5.578313253012048278e+01
4.718591444802050505e-03 5.654618473895582298e+01
4.493934401251218659e-03 5.730923694779117028e+01
4.288471360701083014e-03 5.807228915662651048e+01
4.081062089738608789e-03 5.883534136546185067e+01
3.866250178120532975e-03 5.959839357429719087e+01
3.658764983749027665e-03 6.036144578313253106e+01
3.475572071839671054e-03 6.112449799196787836e+01
3.316524314943059860e-03 6.188755020080321856e+01
3.164638209386716299e-03 6.265060240963855875e+01
3.005045909180389420e-03 6.341365461847389895e+01
2.840664549634126096e-03 6.417670682730923204e+01
2.687584117260079057e-03 6.493975903614457934e+01
2.556198762391903058e-03 6.570281124497992664e+01
2.439536381266692658e-03 6.646586345381527394e+01
2.321309670419061544e-03 6.722891566265060703e+01
2.193921017296900609e-03 6.799196787148594012e+01
2.066105139795257339e-03 6.875502008032128742e+01
1.952245667222966136e-03 6.951807228915663472e+01
1.855944327979208459e-03 7.028112449799198203e+01
1.766217794628059581e-03 7.104417670682731512e+01
1.669976610667925831e-03 7.180722891566264821e+01
1.566306920783777298e-03 7.257028112449799551e+01
1.466729791980298783e-03 7.333333333333334281e+01
1.381731504958891949e-03 7.409638554216867590e+01
1.309040599043560229e-03 7.485943775100402320e+01
1.236533058296561752e-03 7.562248995983935629e+01
1.155977292520135157e-03 7.638554216867470359e+01
1.071993523464925737e-03 7.714859437751005089e+01
9.965079223421022085e-04 7.791164658634538398e+01
9.354148641863889793e-04 7.867469879518073128e+01
8.825074461396413290e-04 7.943775100401606437e+01
8.271192797166688473e-04 8.020080321285141167e+01
7.664936184539276453e-04 8.096385542168674476e+01
7.090582832915664612e-04 8.172690763052209206e+01
6.652345804369066626e-04 8.248995983935743936e+01
6.365745107200634564e-04 8.325301204819277245e+01
6.151758954188048896e-04 8.401606425702811975e+01
5.937272662592536342e-04 8.477911646586345285e+01
5.746021111955627522e-04 8.554216867469880015e+01
5.679060186752240939e-04 8.630522088353414745e+01
5.809734436766187012e-04 8.706827309236948054e+01
6.111613732459877588e-04 8.783132530120482784e+01
6.497267076279117717e-04 8.859437751004016093e+01
6.920014735092832464e-04 8.935742971887550823e+01
7.422722221448655290e-04 9.012048192771085553e+01
8.080623172460156068e-04 9.088353413654618862e+01
8.904740236272916777e-04 9.164658634538153592e+01
9.814475610967730856e-04 9.240963855421686901e+01
1.070778791557033772e-03 9.317269076305221631e+01
1.154866336665285112e-03 9.393574297188754940e+01
1.237537239713033853e-03 9.469879518072289670e+01
1.322428652274049285e-03 9.546184738955824400e+01
1.405807527369862427e-03 9.622489959839357709e+01
1.477992760752785441e-03 9.698795180722892439e+01
1.531572396000894110e-03 9.775100401606425748e+01
1.567353556715847312e-03 9.851405622489960479e+01
1.591444630374125530e-03 9.927710843373495209e+01
1.607140945149736211e-03 1.000401606425702852e+02
1.610770798633883068e-03 1.008032128514056325e+02
1.595989237214247725e-03 1.015662650602409656e+02
1.561434209652341927e-03 1.023293172690763129e+02
1.513059915132966993e-03 1.030923694779116460e+02
1.458613779797871988e-03 1.038554216867469933e+02
1.400536424971089537e-03 1.046184738955823406e+02
1.335130618552661692e-03 1.053815261044176737e+02
1.258652315782938288e-03 1.061445783132530210e+02
1.173270312193980648e-03 1.069076305220883540e+02
1.086204055398889371e-03 1.076706827309237013e+02
1.003147441499645026e-03 1.084337349397590486e+02
9.234282990266367945e-04 1.091967871485943817e+02
8.422250101329295914e-04 1.099598393574297290e+02
7.571672029144378528e-04 1.107228915662650621e+02
6.718582796151903805e-04 1.114859437751004094e+02
5.924714644393719570e-04 1.122489959839357567e+02
5.214334698293225483e-04 1.130120481927710898e+02
4.552972540621685622e-04 1.137751004016064371e+02
3.890967767403927789e-04 1.145381526104417702e+02
3.221579273126298944e-04 1.153012048192771175e+02
2.588778327080232169e-04 1.160642570281124506e+02
2.037489558571812902e-04 1.168273092369477979e+02
1.563377220355165447e-04 1.175903614457831452e+02
1.118291697638686827e-04 1.183534136546184783e+02
6.639721034158653674e-05 1.191164658634538256e+02
2.130530885810640821e-05 1.198795180722891587e+02
-1.879567150636011867e-05 1.206425702811245060e+02
-5.131509279368519014e-05 1.214056224899598533e+02
-7.874681697944018897e-05 1.221686746987951864e+02
-1.059504268082285712e-04 1.229317269076305337e+02
-1.348609368379408754e-04 1.236947791164658668e+02
-1.625902449143667820e-04 1.244578313253012141e+02
-1.849509794620003526e-04 1.252208835341365472e+02
-2.013371202047391749e-04 1.259839357429718945e+02
-2.154916037896245813e-04 1.267469879518072418e+02
-2.313836786126253391e-04 1.275100401606425748e+02
-2.489403288181016652e-04 1.282730923694779221e+02
-2.643714106062193883e-04 1.290361445783132694e+02
-2.746263686047407341e-04 1.297991967871486167e+02
-2.809221460380682128e-04 1.305622489959839641e+02
-2.874013137030562159e-04 1.313253012048192829e+02
-2.965620759536598088e-04 1.320883534136546302e+02
-3.066076585005004119e-04 1.328514056224899491e+02
-3.136573794737763585e-04 1.336144578313252964e+02
-3.162138981162091996e-04 1.343775100401606437e+02
-3.168716771832934178e-04 1.351405622489959910e+02
-3.194064796178503157e-04 1.359036144578313383e+02
-3.246103184539778390e-04 1.366666666666666856e+02
-3.295423344596507811e-04 1.374297188755020329e+02
-3.309626632714665791e-04 1.381927710843373518e+02
-3.290199290440467194e-04 1.389558232931726991e+02
-3.270651806442091453e-04 1.397188755020080464e+02
-3.278913504632418371e-04 1.404819277108433937e+02
-3.306706120459579454e-04 1.412449799196787126e+02
-3.319997139468864504e-04 1.420080321285140599e+02
-3.297957892034479501e-04 1.427710843373494072e+02
-3.256305838041622779e-04 1.435341365461847545e+02
-3.229281790026594244e-04 1.442971887550201018e+02
-3.231290642842011879e-04 1.450602409638554207e+02
-3.241479337920271536e-04 1.458232931726907680e+02
-3.228050678232080519e-04 1.465863453815261153e+02
-3.184248382630793786e-04 1.473493975903614626e+02
-3.135615529944917393e-04 1.481124497991968099e+02
-3.110990638174518765e-04 1.488755020080321287e+02
-3.110363670613825859e-04 1.496385542168674760e+02
-3.105682751668124571e-04 1.504016064257028233e+02
-3.072826484166632207e-04 1.511646586345381706e+02
-3.018795998419767767e-04 1.519277108433734895e+02
-2.973216149045793707e-04 1.526907630522088368e+02
-2.954956380844627113e-04 1.534538152610441841e+02
-2.951314532531625588e-04 1.542168674698795314e+02
-2.932935004162547381e-04 1.549799196787148787e+02
-2.887049788410117504e-04 1.557429718875501976e+02
-2.831514195487056049e-04 1.565060240963855449e+02
-2.794252696383341507e-04 1.572690763052208922e+02
-2.782132342389769843e-04 1.580321285140562395e+02
-2.773364004273027954e-04 1.587951807228915868e+02
-2.742825979316814225e-04 1.595582329317269057e+02
-2.690190559865947620e-04 1.603212851405622530e+02
-2.639789407831974921e-04 1.610843373493976003e+02
-2.613009650636329657e-04 1.618473895582329476e+02
-2.604513569583417139e-04 1.626104417670682949e+02
-2.588659833363978185e-04 1.633734939759036138e+02
-2.548644865454093673e-04 1.641365461847389611e+02
-2.495139490196182424e-04 1.648995983935743084e+02
-2.453903594290823159e-04 1.656626506024096557e+02
-2.436671393856089949e-04 1.664257028112450030e+02
-2.428321245942545459e-04 1.671887550200803219e+02
-2.404283790841201559e-04 1.679518072289156692e+02
-2.358322183965653465e-04 1.687148594377510165e+02
-2.309101604273054156e-04 1.694779116465863638e+02
-2.278996442540884943e-04 1.702409638554217111e+02
-2.268858120780380279e-04 1.710040160642570299e+02
-2.257616293220925346e-04 1.717670682730923772e+02
-2.226157870292807856e-04 1.725301204819277245e+02
-2.178751619085300640e-04 1.732931726907630718e+02
-2.137870189281930022e-04 1.740562248995983907e+02
-2.118726503497799906e-04 1.748192771084337380e+02
-2.112379431785933563e-04 1.755823293172690853e+02
-2.096182589137113913e-04 1.763453815261044326e+02
-2.059390207104140505e-04 1.771084337349397799e+02
-2.014998760984645302e-04 1.778714859437750988e+02
-1.984794749080960792e-04 1.786345381526104461e+02
-1.974805673515710647e-04 1.793975903614457934e+02
-1.968809034316668777e-04 1.801606425702811407e+02
-1.946862601656595363e-04 1.809236947791164880e+02
-1.907674534866525789e-04 1.816867469879518069e+02
-1.869703544115059823e-04 1.824497991967871542e+02
-1.850109908462007344e-04 1.832128514056225015e+02
-1.845505164559738392e-04 1.839759036144578488e+02
-1.836043713889156325e-04 1.847389558232931961e+02
-1.807908459240833131e-04 1.855020080321285150e+02
-1.768578779585565136e-04 1.862650602409638623e+02
-1.738176343236703513e-04 1.870281124497992096e+02
-1.726598881524656634e-04 1.877911646586345569e+02
-1.722740403987142515e-04 1.885542168674699042e+02
-1.707056391614026236e-04 1.893172690763052231e+02
-1.673910378998542589e-04 1.900803212851405704e+02
-1.637466294026100957e-04 1.908433734939759177e+02
-1.615655724539052853e-04 1.916064257028112650e+02
-1.610030107395776875e-04 1.923694779116466123e+02
-1.604308833075059493e-04 1.931325301204819311e+02
-1.582952534989523811e-04 1.938955823293172784e+02
-1.548578886852902583e-04 1.946586345381526257e+02
-1.518772624830924136e-04 1.954216867469879730e+02
-1.506165838946217899e-04 1.961847389558232919e+02
-1.504360548146559552e-04 1.969477911646586392e+02
-1.495412043335625453e-04 1.977108433734939865e+02
-1.470116489619111521e-04 1.984738955823293338e+02
-1.438216506017803804e-04 1.992369477911646811e+02
-1.417121549005899688e-04 2.000000000000000000e+02
