0.10000000000000003
0.10279786072716787
0.10567400170082204
0.10863061309323602
0.11166994635465337
0.11479431592775961
0.11800610101012338
0.12130774736594768
0.12470176918851152
0.1281907510147204
0.1317773496932228
0.13546429640759214
0.13925439875611442
0.14315054288976545
0.14715569571000578
0.15127290712806668
0.15550531238744797
0.15985613445139607
0.16432868645718032
0.16892637423903656
0.17365269892169918
0.1785112595864964
0.18350575601203972
0.18863999149159302
0.1939178757292691
0.1993434278172565
0.2049207792963457
0.21065417730208452
0.21654798779895806
0.22260669890505735
0.2288349243097668
0.235237406787074
0.2418190218071777
0.24858478124914216
0.25553983721742807
0.26268948596520314
0.27003917192742266
0.27759449186674934
0.2853611991354703
0.29334520805665687
0.30155259842790294
0.30998962015107145
0.31866269799157504
0.32757843647081486
0.33674362489550236
0.34616524252769504
0.3558504638994828
0.36580666427637104
0.3760414252735224
0.3865625406291326
0.3973780221393374
0.40849610575917034
0.41992525787421614
0.43167418174773725
0.4437518241481804
0.45616738216211333
0.4689303101977768
0.4820503271845868
0.4955374239740685
0.5094018709478583
0.5236542258385667
0.5383053417694589
0.5533663755190732
0.5688487960170736
0.5847643930778025
0.6011252863781879
0.6179439346868385
0.6352331453513573
0.6530060840510961
0.6712762848227785
0.6900576603666264
0.7093645126408377
0.7292115437524812
0.7496138671531064
0.7705870191475873
0.7921469707249713
0.8143101397203351
0.8370934033169162
0.8605141108980329
0.8845900972585865
0.9093396961862007
0.9347817544223417
0.9609356460140553
0.9878212870672393
1.0154591509126973
1.0438702836965161
1.0730763204066367
1.1030995013478322
1.1339626890776273
1.1656893858160666
1.198303751342579
1.231830621393572
1.2662955265747708
1.3017247118026896
1.3381451562900557
1.3755845940903946
1.414071535217421
1.453635287355329
1.4943059781764971
1.5361145782836187
1.5790929247937167
1.623273745582006
1.668690684204072
1.715378325515326
1.7633722220072687
1.8127089208805978
1.863425991875784
1.9155620558823152
1.9691568143483755
2.024251079513378
2.080886805486355
2.139107120193875
2.198956358221831
2.26048009457608
2.3237251793876705
2.38873977358907
2.4555733855885564
2.5242769089707253
2.594902661251784
2.6675044237191807
2.7421374823858855
2.818858670090509
2.8977264097753386
2.9788007589752135
3.0621434555511584
3.147817964703566
3.235889527300741
3.326425209559627
3.4194939541165064
3.515166632526611
3.6135160992325828
3.714617247042898
3.8185470641625163
3.92538469281914
4.035211489529785
4.148111087053505
4.26416945807747
4.383474980684907
4.506118505654718
4.632193425644074
4.761795746306622
4.895024159400484
5.03198011794173
5.172767913460516
5.317494755418767
5.46627085284984
5.619209498282348
5.776427154012076
5.938043540787638
6.104181728977468
6.274968232287483
6.450533104100913
6.631010036513513
6.816536462139682
7.007253658766971
7.203306856938643
7.404845350546318
7.612022610516767
7.824996401679552
8.043928902904447
8.268986830600115
8.500341565668156
8.738169284009109
8.982651090679843
9.233973157804497
9.492326866343928
9.757908951831768
10.030921654187862
10.31157287172336
10.60007631945461
10.896651691846449
11.201524830108891
11.514927894174463
11.837099539487264
12.168285098738354
12.508736768685772
12.858713802201633
13.218482705692344
13.588317442042383
13.968499639236196
14.359318804816969
14.761072546345769
15.174066798028731
15.59861605368499
16.035043606232755
16.48368179387578
16.944872253177945
17.418966179218373
17.90632459302537
18.40731861649284
18.922329754988347
19.451750187868363
19.99598306712153
20.555442824367653
21.13055548644609
21.721758999833778
22.329503564140172
22.954251974932795
23.596479976154587
24.25667662240146
24.935344651335736
25.633000866519403
26.350176530958343
27.087417771657424
27.84528599549453
28.624358316730042
29.42522799647763
30.248504894470678
31.094815933468514
31.964805576656186
32.859136318401006
33.77848918874009
34.72356427198248
35.695081239821164
36.69377989936081
37.72042075647843
38.77578559494641
39.86067807175822
40.97592432911075
42.122373623508985
43.30089897247205
44.512397819333465
45.75779271664131
47.03803202867909
48.354090653642174
49.70697076601956
51.09770257974682
52.527345132710586
53.996987093202605
55.507747588937285
57.060777059263614
58.657258131221546
60.29840652010846
61.98547195524259
63.719739131627954
65.50252868824558
67.33519821371584
69.21914328009802
71.15579850561392
73.1466386471053
75.19317972305603
77.29698016803614
79.45964201944435
81.68281213745453
83.96818345909466
86.31749628741291
88.732539616713
91.21515249486765
93.76722542374782
96.39070179883396
99.087579389105
101.85991185833403
104.70981032894613
107.63944498963166
110.651046747938
113.74690892909868
116.9293890223933
120.20091047636814
123.56396454428462
127.02111218120098
130.5749859941306
134.2282922467653
137.98381292028563
141.84440783183103
145.8130168122416
149.89266194472998
154.08644986618802
158.39757413288126
162.82931765233172
167.38505518324197
172.06825590536212
176.8824860612609
181.83141167200705
186.918801328833
192.1485290629053
197.52457729538702
203.05103987003895
208.73212517066867
214.57215932580164
220.57558950301464
226.74698729543843
233.09105220301376
239.61261521114417
246.31664246947656
253.20823907360847
260.2926529526022
267.57527886526634
275.0616625082475
282.75750473906066
290.6686659172751
298.8011703671572
307.1612109651778
315.7551538558657
324.5895432996073
333.6711066560805
343.0067595071173
352.603610922898
362.4689688754861
372.6103458038235
383.03546433443296
393.75226316217106
404.76890309552
416.0937732710176
427.73549754155823
439.70294104342946
452.0052169470855
464.65169339679784
477.652000644468
491.01603838303106
504.75398328504525
518.8762967521928
533.3937328816053
548.3173466550743
563.6585023573854
579.4288822301851
595.640495367971
612.3056868629794
629.4371472059352
647.0479219498156
665.1514216440052
683.7614320463813
702.8921246211274
722.5580673302576
742.7742357270738
763.5560243600028
784.9192584954953
806.8802061689179
829.4555905726104
852.6626027905395
876.5189148892631
901.0426933751476
926.2526130281061
952.1678711223855
978.8082020452288
1006.1938923245499
1034.34579607706
1063.2853508886114
1093.0345941388546
1123.6161797826242
1155.0533956008658
1187.370180934201
1220.5911449126606
1254.7415851954604
1289.8475072350873
1325.9356440803713
1363.0334767336158
1401.1692550772962
1440.3720193862564
1480.671622441779
1522.0987522643964
1564.6849554827136
1608.462661356068
1653.4652064693082
1699.7268601184976
1747.282850406876
1796.169391070949
1846.4237090571326
1898.0840728699613
1951.1898217134178
2005.7813954476337
2061.900365383702
2119.589465940103
2178.8926271848277
2239.8550082879874
2302.523031910379
2366.9444195541937
2433.1682279027914
2501.2448861772136
2571.22623453786
2643.165563560631
2717.1176548175185
2793.1388225926016
2871.2869567651983
2951.6215668928244
3034.203827527535
3119.0966248001514
3206.3646043078525
3296.074220341598
3388.2937864908395
3483.093527664135
3580.5456335651743
3680.7243136650172
3783.705853712369
3889.568673824938
3998.3933882061087
4110.262866532403
4225.262297058476
4343.479251487713
4465.003751657771
4589.928338091975
4718.348140468598
4850.360950061823
4986.067294209487
5125.570512864335
5268.976837287061
5416.395470941086
5567.938672650645
5723.721842085537
5883.863607637576
6048.485916755789
6217.714128808977
6391.6771105464895
6570.507334229846
6754.340978509945
6943.318032126679
7137.582400509914
7337.282015363025
7542.568947312429
7753.59952170884
7970.534437668605
8193.538890445523
8422.782697226523
8658.440426446912
8900.691530723694
9149.720483508165
9405.716919561872
9668.875779362874
9939.39745755233
10217.487955534305
10503.359038345303
10797.2283959126
11099.319808824454
11409.863318738313
11729.095403556821
12057.259157504986
12394.604476245666
12741.38824717433
13097.874545038023
13464.334833027357
13841.048169495009
14228.301420457692
14626.389478043742
15035.615485052536
15456.291065796788
15888.736563403469
16333.281283754091
16790.2637462501
17260.031941594363
17742.94359678486
18239.366447522843
18749.678518242312
19274.26840997444
19813.535596266032
20367.890727377377
20937.75594299113
21523.56519367033
22125.7645713104
22744.81264883675
23381.180829406454
24035.353705380516
24707.829427339235
25399.12008342238
26109.752089282654
26840.266588949577
27591.21986690895
28363.183771711727
29156.74615143489
29972.51130132596
30811.100423971704
31673.15210234225
32559.32278606982
33470.28729133308
34406.739314727536
35369.39196151331
36358.97828864255
37376.25186297997
38421.98733514162
39496.98102938902
40602.05155002722
41738.040404769876
42905.81264554438
44106.25752722628
45340.28918480405
46608.84732949001
47912.897964307434
49253.43411969879
50631.476609715326
52048.07480936382
53504.30745370194
55001.28345929221
56540.142768638005
58122.05721824635
59748.23143097769
61419.903733362364
63138.34709858241
64904.87011583656
66720.81798682685
68587.57355012553
70506.55833420185
72479.23363991217
74507.10165327549
76591.70658938351
78734.6358683155
80937.5213239537
83202.04044661969
85529.91766047796
87922.92563667947
90382.88664324528
92911.67393271725
95511.21316863499
