Redshift	Hubble0	OmegaM	OmegaB	SpectralIndex	Sigma8
0	67.74	0.3089	0.0486	0.9667	0.8159
Wavenumber(k)	Pk
5e-05	221.19582408622296
5.0346757420818544e-05	222.67841145592962
5.0695919655814964e-05	224.17093346829583
5.104750338273245e-05	225.6734566407922
5.14015253949769e-05	227.18604793502445
5.175800260241893e-05	228.70877475953148
5.2116952032201616e-05	230.24170497348683
5.247839082955383e-05	231.78490688975688
5.2842336258609105e-05	233.33844927792117
5.320880570323033e-05	234.9024013673265
5.357781666784009e-05	236.47683285015435
5.3949386778256674e-05	238.06181388450366
5.4323533782536084e-05	239.65741509750646
5.4700275551819726e-05	241.26370758845187
5.507963008118798e-05	242.88076293193623
5.546161549051983e-05	244.50865318103965
5.584625002535828e-05	246.1474508705128
5.62335520577819e-05	247.79722901998778
5.662354008728235e-05	249.4580611258848
5.701623274164798e-05	251.13002113908234
5.741164877785367e-05	252.81318349645113
5.780980708295665e-05	254.50762313129806
5.821072667499872e-05	256.2134154766783
5.861442670391464e-05	257.9306364687064
5.902092645244679e-05	259.65936254989316
5.9430245337066226e-05	261.3996706725147
5.984240290890012e-05	263.15163830199504
6.0257418854665615e-05	264.9153434203098
6.067531299761015e-05	266.69086452941747
6.109610529845833e-05	268.47828065471504
6.151981585636538e-05	270.27767134850643
6.19464649098771e-05	272.08911669350147
6.23760728378966e-05	273.9126973160444
6.280866016065779e-05	275.7484944702761
6.324424754070535e-05	277.59659000300485
6.368285578388185e-05	279.45706631018567
6.412450584032141e-05	281.3300063401367
6.45692188054505e-05	283.2154935972454
6.501701592099543e-05	285.1136121456952
6.546791857599709e-05	287.02444661323165
6.592194830783251e-05	288.94808219493876
6.637912680324367e-05	290.88460465704765
6.683947589937327e-05	292.8341003407707
6.730301758480788e-05	294.796656166161
6.776977400062815e-05	296.7723596359947
6.823976744146642e-05	298.76129883968844
6.871302035657163e-05	300.7635624540017
6.918955535088159e-05	302.77923961757244
6.966939518610266e-05	304.8084198866605
7.015256278179708e-05	306.8511933992943
7.063908121647763e-05	308.9076508911653
7.112897372870998e-05	310.977883699549
7.162226371822274e-05	313.06198376726013
7.211897474702508e-05	315.1600436466124
7.26191305405322e-05	317.2721565034357
7.312275498869862e-05	319.398416121088
7.362987214715918e-05	321.53891690451076
7.414050623837815e-05	323.69375388430706
7.465468165280617e-05	325.8630227208464
7.517242295004531e-05	328.0468197083937
7.569375486002209e-05	330.24524177927407
7.621870228416875e-05	332.45838658069994
7.674729029661265e-05	334.68635265980953
7.727954414537397e-05	336.92923927754504
7.781548925357164e-05	339.1871463601263
7.835515122063767e-05	341.46017450351724
7.889855582353999e-05	343.74842497792423
7.944572901801357e-05	346.05199973231805
7.999669693980029e-05	348.3710013989916
8.055148590589725e-05	350.70553329814544
8.111012241581386e-05	353.05569944250675
8.167263315283755e-05	355.42160454198097
8.22390449853083e-05	357.80335400832394
8.280938496790202e-05	360.2010539598667
8.338368034292282e-05	362.614811226247
8.396195854160424e-05	365.0447333272363
8.454424718541944e-05	367.4909282417862
8.51305740874007e-05	369.95350451572205
8.572096725346768e-05	372.43257141177753
8.631545488376534e-05	374.9282389160615
8.691406537401084e-05	377.44061774279527
8.751682731684977e-05	379.9698193390908
8.812376950322204e-05	382.51595588972884
8.873492092373695e-05	385.0791403220017
8.9350310770058e-05	387.6594863105708
8.996996843629723e-05	390.2571082823541
9.059392352041916e-05	392.8721214214452
9.122220582565464e-05	395.50464167407813
9.18548453619243e-05	398.15478575359845
9.249187234727205e-05	400.82267114837873
9.313331720930843e-05	403.5084162612714
9.377921058666392e-05	406.2121404762724
9.442958333045256e-05	408.9339639886721
9.508446650574532e-05	411.67400779588445
9.574389139305412e-05	414.4323937027997
9.640788948982586e-05	417.20924432716055
9.707649251194689e-05	420.0046831049749
9.774973239525795e-05	422.8188342959593
9.842764129707962e-05	425.65182298902846
9.911025159774819e-05	428.50377510781937
9.979759590216246e-05	431.3748174162457
0.00010048970704134097	434.26507752408446
0.00010118661807399031	437.1746838926284
0.00010188836228808407	440.1037658403315
0.0001025949732024529	443.05245346499396
0.00010330648456838552	446.02087742068693
0.00010402293037124082	449.00916915334034
0.00010474434483207121	452.01746097642985
0.00010547076240925715	455.04588607661367
0.00010620221780015315	458.0945785194174
0.00010693874594274498	461.1636732549623
0.0001076803820173185	464.2533061237128
0.00010842716144814013	467.36361386227907
0.00010917911990514879	470.4947341092433
0.00010993629330565977	473.6468054110298
0.0001106987178160802	476.81996722781633
0.00011146642985363671	480.0143599394617
0.00011223946608811468	483.23012485150844
0.00011301786344361	486.4674042195499
0.00011380165910029259	489.7263414379408
0.00011459089049618237	493.00708097441395
0.0001153855953289375	496.30976825778026
0.000116185811557655	499.6345496824864
0.00011699157740468384	502.98157261499955
0.00011780293135745071	506.3509854002278
0.00011861991217029818	509.7429373679545
0.00011944255886633609	513.1575788393573
0.00012027091073930526	516.5950611335315
0.00012110500735545445	520.0555365740938
0.00012194488855543023	523.539158495787
0.00012279059445617995	527.0460812511614
0.00012364216545286797	530.5764602172814
0.0001244996422208051	534.1304517992302
0.0001253630657173915	537.7082132582182
0.00012623247718407288	541.309902620251
0.00012710791814831058	544.9356789278859
0.00012798943042556505	548.5857022691932
0.00012887705612129314	552.260133784515
0.00012977083763295928	555.9591356732655
0.0001306708176520606	559.6828712007995
0.0001315770391661662	563.4315047052604
0.00013248954546097024	567.2052016045598
0.0001334083801223596	571.0041284033219
0.0001343335870384958	574.8284526999183
0.00013526521040191125	578.6783431935291
0.00013620329471162015	582.5539696912563
0.00013714788477524394	586.4555031152724
0.00013809902571115164	590.3831155363107
0.0001390567629506147	594.3369802599657
0.00014002114223997733	598.317271758202
0.00014099220964284136	602.3241656514114
0.00014197001154226657	606.3578387158558
0.0001429545946429861	610.4184688911877
0.00014394600597363732	614.5062352879829
0.00014494429288900836	618.621318195349
0.00014594950307229957	622.763899088557
0.00014696168453740157	626.9341606367635
0.00014798088563118832	631.1322867107231
0.00014900715503582662	635.3584623906064
0.00015004054177110128	639.6128739738235
0.00015108109519675658	643.8957089829281
0.00015212886501485398	648.2071561628463
0.00015318390127214607	652.547405372019
0.0001542462543624671	656.91664763074
0.00015531597502914014	661.3150752090932
0.00015639311436740056	665.742881636367
0.00015747772382683698	670.2002617091835
0.00015856985521384837	674.6874114996274
0.00015966956069411888	679.204528363454
0.00016077689279510933	683.751810948326
0.00016189190440856637	688.3294592021322
0.00016301464879304875	692.9376743813273
0.00016414517957647113	697.5766590593495
0.00016528355075866584	702.2466171350621
0.00016642981671396195	706.9477538412739
0.0001675840321937827	711.6802757507646
0.0001687462523292605	716.4443906196959
0.0001699165326338703	721.2403072894238
0.00017109492900608134	726.0682359335482
0.00017228149773202697	730.9283880902644
0.00017347629548819326	735.8209766709795
0.0001746793793441261	740.7462159690007
0.00017589080676515717	745.7043216682314
0.0001771106356151488	750.6955108520095
0.00017833892415925764	755.7200020118817
0.00017957573106671803	760.7780150565405
0.00018082111541364404	765.8697713207468
0.00018207513668585138	770.9954935743219
0.00018333785478169882	776.1554060312101
0.00018460933001494896	781.3497343585831
0.00018588962311764945	786.5787057019029
0.00018717879524303362	791.8425487464962
0.0001884769079684416	797.1414936789358
0.0001897840232982614	802.4757721787804
0.00019110020366689084	807.8456174280008
0.0001924255119417195	813.2512641204695
0.00019376001142613146	818.6929484715106
0.00019510376586252945	824.170908227503
0.00019645683943537895	829.6853826755449
0.00019781929677427446	835.236612653179
0.00019919120295702622	840.8248405581667
0.00020057262351276864	846.4503103583341
0.00020196362442509064	852.1132676014735
0.0002033642721351868	857.8139594253022
0.00020477463354503156	863.5526345391874
0.00020619477602057436	869.3295428952702
0.00020762476739495745	875.1449357992436
0.00020906467597175602	880.9990661643817
0.00021051457052824062	886.8921885265795
0.00021197452031866259	892.8245590543395
0.00021344459507756153	898.7964355589121
0.0002149248650230966	904.8080775044205
0.00021641540086040034	910.8597460180576
0.0002179162737849556	916.9517039003586
0.0002194275554859968	923.0842156355424
0.00022094931814993366	929.2575474018836
0.00022248163446379938	935.4719670821485
0.00022402457761872268	941.7277442741408
0.00022557822131342333	948.025150298623
0.00022714263975773293	954.3644580075826
0.00022871790767613908	960.7459416428413
0.00023030410031135498	967.1698771543415
0.000231901293427913	973.6365422442655
0.00023350956331578396	980.146216377687
0.0002351289867940209	986.6991807931977
0.00023675964121442836	993.2957185136719
0.00023840160446525718	999.9361143570297
0.0002400549549749247	1006.620654947121
0.00024171977171576106	1013.3496287245971
0.0002433961342077812	1020.1233259579176
0.0002450841225224831	1026.9420387543917
0.00024678381728667257	1033.8060610712319
0.00024849529968631423	1040.7156887267377
0.0002502186514704094	1047.671219421405
0.00025195395495490093	1054.6729527848008
0.0002537012930266048	1061.7211903558598
0.00025546074914716953	1068.816235581708
0.00025723240735706245	1075.9583938291837
0.00025901635227958407	1083.1479723963766
0.00026081266912491	1090.3852805242889
0.0002626214436941611	1097.6706294085136
0.0002644427623835018	1105.0043322110128
0.00026627671218826645	1112.3867040719294
0.0002681233807071154	1119.8180621215006
0.00026998285614621836	1127.2987254919974
0.0002718552273234681	1134.8290153297605
0.00027374058367272264	1142.4092548073281
0.000275639015248077	1150.039769056306
0.0002775506127281648	1157.7208841355246
0.0002794754674204893	1165.4529273012397
0.0002814136712657851	1173.2362278104142
0.00028336531684240913	1181.0711169513452
0.0002853304973707632	1188.9579280552089
0.0002873093067177464	1196.8969965077185
0.0002893018394012386	1204.8886597607802
0.0002913081905946154	1212.933257344278
0.00029332845613129347	1221.0311308778537
0.00029536273250930893	1229.1826240827545
0.0002974111168959259	1237.3880827938044
0.00029947370713227783	1245.6478549713174
0.000301550601738041	1253.9622907131647
0.0003036418999161403	1262.3317422683126
0.00030574770155748754	1270.7565641853985
0.00030786810724575306	1279.2371134426328
0.00031000321826216956	1287.7737492418341
0.0003121531365903704	1296.3668329948093
0.0003143179649212603	1305.0167283359904
0.000316497806657921	1313.723801135022
0.0003186927659205495	1322.4884195095133
0.0003209029475514323	1331.310953837763
0.00032312845711995246	1340.1917767716209
0.00032536940092763223	1349.131263249347
0.00032762588601321116	1358.129790508624
0.00032989802015775775	1367.1877380995286
0.00033218591188981873	1376.3054878976377
0.0003344896704906022	1385.4834241171795
0.0003368094059991975	1394.7219329992308
0.00033914522921783173	1404.0214015435702
0.0003414972517171615	1413.3822185867066
0.0003438655858416029	1422.8047752916045
0.00034625034471469677	1432.2894651601268
0.00034865164224451273	1441.8366840455803
0.00035106959312909	1451.4468301651407
0.0003535043128619151	1461.120304112445
0.00035595591773743984	1470.8575088701914
0.0003584245248566345	1480.6588498228061
0.00036091025213258243	1490.5247347691634
0.0003634132182961118	1500.4555739353043
0.00036593354290146633	1510.4517799873142
0.00036847134633201655	1520.5137680441528
0.00037102674980600905	1530.6419556613637
0.0003735998753823575	1540.836762418647
0.0003761908459664718	1551.0986100159325
0.00037879978531612954	1561.4279226256983
0.0003814268180473863	1571.8251269151608
0.0003840720696405291	1582.2906520591137
0.0003867356664460689	1592.8249297527277
0.0003894177356907765	1603.428394224514
0.00039211840548375926	1614.1014822492289
0.0003948378048225799	1624.8446331609152
0.0003975760635994185	1635.6582888658852
0.000400333312607277	1646.5428938559025
0.00040310968354622604	1657.4988952212495
0.00040590530902969547	1668.526742663953
0.0004087203225908093	1679.626888505963
0.0004115548586887635	1690.7997870966315
0.00041440905271524864	1702.0458942311034
0.00041728304100091676	1713.365668184235
0.00042017696082189267	1724.7595698565965
0.00042309095040633213	1736.2280627870584
0.00042602514894102343	1747.7716131654943
0.000428979696578036	1759.3906898454275
0.00043195473444141466	1771.0857643568143
0.0004349504046339199	1782.857310918768
0.00043796685024381673	1794.7058064524103
0.0004410042153517081	1806.6317305936816
0.00044406264503741736	1818.6355657062395
0.0004471422853869183	1830.7177968944004
0.00045024328349931183	1842.8789120160238
0.00045336578749385377	1855.1194014098687
0.00045650994651702845	1867.4397566788284
0.0004596759107496736	1879.8404716749765
0.0004628638314141532	1892.3220429941925
0.00046607386078158046	1904.8849699885045
0.00046930615217909177	1917.5297547782918
0.0004725608599971697	1930.256902264447
0.00047583813969701786	1943.0669201405763
0.0004791381478179868	1955.960318905214
0.00048246104198504955	1968.9376118740893
0.00048580698091633284	1981.999315192368
0.0004891761244306967	1995.1459478469535
0.0004925686334553689	2008.3780316787606
0.0004959846700336309	2021.6960913951054
0.0004994243973325588	2035.1006545019443
0.0005028879796508167	2048.5922500275624
0.000506375582426504	2062.171408716866
0.0005098873722450583	2075.838664125809
0.0005134235168472111	2089.594552667046
0.0005169841851370016	2103.43961362135
0.0005205695471898434	2117.3743891488575
0.0005241797742606478	2131.3994243003413
0.0005278150387920056	2145.515267028553
0.0005314755144224206	2159.72246819956
0.0005351613759946072	2174.021581603917
0.0005388727995638391	2188.4131639681655
0.0005426099624063596	2202.8977749659766
0.0005463730430278494	2217.4759772295406
0.0005501622211719517	2232.1483363544476
0.0005539776778288594	2246.915419927461
0.000557819595243959	2261.7777964454376
0.0005616881569265359	2276.7360370720235
0.0005655835476585395	2291.7907158966677
0.000569505953503409	2306.942409944538
0.000573455561814962	2322.191699186285
0.0005774325612463421	2337.5391665478915
0.0005814371417590307	2352.9853979205304
0.0005854694946319203	2368.5309821703177
0.0005895298124704504	2384.1765111480527
0.0005936182892158083	2399.9225796989676
0.000597735120154192	2415.7697856724913
0.0006018805019261388	2431.718729931824
0.0006060546325359164	2447.7700163637096
0.0006102577113609822	2463.9242516988993
0.0006144899391615054	2480.1820446342326
0.0006187515180899572	2496.5440065082075
0.0006230426517007661	2513.010751676954
0.0006273635449600402	2529.5828975234494
0.0006317144042553587	2546.261064466201
0.0006360954374056289	2563.0458759681023
0.0006405068536710132	2579.9379585450374
0.0006449488637629248	2596.937941774564
0.0006494216798540904	2614.046458304522
0.0006539255155886875	2631.264143861582
0.0006584605860925469	2648.5916372598135
0.0006630271079834293	2666.029580409049
0.0006676252993813718	2683.5786183234472
0.0006722553799191057	2701.2393989206257
0.0006769175707525485	2719.0125692925376
0.0006816120945713666	2736.898776030484
0.0006863391756096126	2754.8986685365526
0.0006910990396564352	2773.012899148381
0.0006958919140668639	2791.2421231439293
0.00070071802777267	2809.586998746222
0.0007055776112933001	2828.0481871279185
0.0007104708967468881	2846.6263524158467
0.0007153981178613398	2865.3221616955425
0.0007203595099855005	2884.1362850154087
0.0007253553101003943	2903.0693953910345
0.0007303857568305432	2922.1221688093488
0.0007354510904553668	2941.295284232568
0.0007405515529206565	2960.589423598954
0.0007456873878501352	2980.005271163912
0.0007508588405570918	2999.543512676108
0.0007560661580560995	3019.2048366201025
0.0007613095890748142	3038.989934411687
0.0007665893840658543	3058.8995004004073
0.0007719057952187654	3078.934231871826
0.0007772590764720643	3099.0948290495903
0.0007826494835253694	3119.3819950976044
0.0007880772738516143	3139.7964361218533
0.0007935427067093442	3160.338861172226
0.0007990460431551022	3181.0099822440916
0.0008045875460558968	3201.8105142799004
0.000810167480101758	3222.7411751704954
0.0008157861118183813	3243.802685756457
0.0008214437095798559	3264.995769006535
0.0008271405436214866	3286.321145810122
0.0008328768860526993	3307.7795379695613
0.0008386530108700395	3329.3716700328423
0.0008444691939702599	3351.098269294252
0.0008503257131634968	3372.960065791492
0.0008562228481865421	3394.9577923026554
0.0008621608807162036	3417.092184343183
0.0008681400943827597	3439.363980162406
0.0008741607747835066	3461.7739207400064
0.0008802232094963998	3484.322749782311
0.0008863276880937918	3507.011213718379
0.0008924745021562611	3529.8400616957915
0.0008986639452865419	3552.810045576471
0.0009048963131235454	3575.9219196905897
0.0009111719033564841	3599.17643602409
0.0009174910157390884	3622.5743443372103
0.000923853952103926	3646.116396632949
0.0009302610163768178	3669.8033473309874
0.0009367125145913551	3693.6359532578476
0.0009432087549035181	3717.6149736371185
0.0009497500476063945	3741.7411700790526
0.0009563367051450001	3766.0153065702625
0.0009629690421312042	3790.4381494628856
0.0009696473753587546	3815.010467463653
0.0009763720238184121	3839.7330316225452
0.0009831433087131853	3864.6066153213624
0.000989961553473673	3889.631994261891
0.0009968270837735146	3914.80994644438
0.001003740227544942	3940.1412495665063
0.001010701314994448	3965.6266773913676
0.001017710678618556	3991.2670048354175
0.001024768653219701	4017.063008817943
0.0010318755759222249	4043.0154682438433
0.0010390317861884736	4069.125163986082
0.0010462376258350175	4095.3928788676126
0.0010534934390489749	4121.819397643181
0.0010607995724044531	4148.405506980685
0.0010681563748791006	4175.151995442265
0.0010755641978707799	4202.059653465002
0.001083023395214349	4229.129273341357
0.001090534323198562	4256.36164919912
0.0010980973405830914	4283.7575769811465
0.001105712808615657	4311.3178529437655
0.001113381091049289	4339.043265378162
0.0011211025541596968	4366.9346001331305
0.0011288775667627668	4394.992644384635
0.0011367065002321787	4423.218186618039
0.0011445897285171423	4451.6120165997345
0.0011525276281602625	4480.174925348601
0.0011605205783155217	4508.9077051065615
0.0011685689607663925	4537.811149309147
0.0011766731599440724	4566.886052555517
0.0011848335629458446	4596.133210577922
0.0011930505595535716	4625.553420210825
0.0012013245422523098	4655.1474793597245
0.0012096559062490585	4684.916186969279
0.001218045049491636	4714.8603427031385
0.0012264923726876863	4744.980740494189
0.001234998279323822	4775.278168279569
0.0012435631756848957	4805.753414253488
0.0012521874708734037	4836.407267117496
0.0012608715768290316	4867.240516040754
0.0012696159083483245	4898.253950619904
0.0012784208831045057	4929.44836083813
0.0012872869216674235	4960.824537024097
0.0012962144475236407	4992.383269809946
0.0013052038870966615	5024.125350089209
0.001314255669767301	5056.051568973865
0.0013233702278941941	5088.1627177511655
0.001332547996834447	5120.459587839683
0.001341789414964432	5152.942970734216
0.0013510949237007259	5185.613653773264
0.0013604649675211958	5218.472413565837
0.0013698999939862286	5251.520024641854
0.0013794004537601085	5284.757261011119
0.001388966800632545	5318.184896110188
0.0013985994915403435	5351.80370274865
0.0014082989865892366	5385.614453055041
0.0014180657490758578	5419.6179184219345
0.001427900245509871	5453.81486945055
0.001437802945636255	5488.20607589468
0.0014477743224577376	5522.792306604255
0.001457814852257393	5557.574329467899
0.0014679250146213878	5592.552911355308
0.0014781052924618904	5627.728818058812
0.0014883561720401377	5663.102812105014
0.0014986781429896577	5698.675639759865
0.001509071698339662	5734.448039143042
0.0015195373345385924	5770.420746433482
0.0015300755514778342	5806.594495823262
0.0015406868525155942	5842.970019447231
0.0015513717445009413	5879.54804731192
0.0015621307377980196	5916.3293072236465
0.0015729643463104237	5953.314524715959
0.001583873087505747	5990.504422976631
0.001594857482440295	6027.899722773621
0.0016059180557839781	6065.5011423805745
0.00161705533584537	6103.309397501696
0.0016282698545969417	6141.325201195696
0.001639562147700475	6179.549263413342
0.0016509327545326418	6217.982281250511
0.0016623822182107735	6256.624937894246
0.001673911085618801	6295.477912518022
0.0016855199074333762	6334.541880709183
0.001697209238150175	6373.817514381718
0.0017089796361103823	6413.3054816879285
0.0017208316635273634	6453.006446929473
0.001732765886513516	6492.921070467945
0.0017447828751073118	6533.050008634401
0.001756883203300524	6573.393913638335
0.0017690674490656421	6613.953433475611
0.0017813361943834832	6654.729211836372
0.001793690025270986	6695.721888011259
0.0018061295318092044	6736.932096786768
0.0018186553081714924	6778.360461721027
0.0018312679526518824	6820.0075835670295
0.001843968067693667	6861.874054686771
0.001856756259918171	6903.960461877415
0.0018696331401537294	6946.2673862647825
0.0018825993234648619	6988.795403195932
0.0018956554291816503	7031.545082131051
0.0019088020809293242	7074.516986534584
0.0019220399066580468	7117.711673765604
0.0019353695386729087	7161.129694967341
0.0019487916136641287	7204.771594956185
0.0019623067727374682	7248.637912109665
0.0019759156614448524	7292.729178253815
0.0019896189298152043	7337.045918549836
0.0020034172323854945	7381.588649634375
0.0020173112282320027	7426.357867947315
0.002031301581001803	7471.354056463131
0.00204538895894446	7516.577690483093
0.0020595740349439455	7562.029237541921
0.0020738574865507868	7607.70915728393
0.0020882399960144185	7653.617901337854
0.0021027222503157803	7699.755913191186
0.0021173049412001256	7746.123628063682
0.0021319887652100637	7792.721472780292
0.0021467744237188323	7839.54986564328
0.002161662622963791	7886.60921630347
0.0021766540740801666	7933.899925631225
0.002191749493135011	7981.4223855865075
0.0022069496011614077	8029.176978552429
0.002222255124192914	8077.164062044893
0.0022376667932982324	8125.383966017002
0.0022531853446161403	8173.837009197639
0.0022688115193906454	8222.523499894123
0.0022845460640063915	8271.443735847859
0.0023003897300243126	8320.598004089848
0.0023163432742175265	8369.986580794997
0.002332407458607488	8419.609731136426
0.002348583050500381	8469.467709138597
0.002364870822523775	8519.560757530076
0.002381271552663523	8569.889107595855
0.002397786024300926	8620.45297902838
0.002414415026250153	8671.252579779179
0.0024311593527959136	8722.288105903557
0.002448019803731403	8773.559736356936
0.0024649971843964955	8825.06762314665
0.0024820923057162214	8876.811902842082
0.0024993059842394957	8928.792698987347
0.00251663904217812	8981.010121942902
0.0025340923074460603	9033.464268726782
0.0025516666136989824	9086.155222855321
0.0025693628003740834	9139.083054183397
0.00258718171273018	9192.247818744436
0.0026051242018880847	9245.649558589532
0.002623191124871259	9299.288301626624
0.0026413833446467484	9353.164061458921
0.002659701730166404	9407.276837223326
0.0026781471564083863	9461.626613427898
0.0026967205044189603	9516.213356972628
0.0027154226613545773	9571.036996657247
0.002734254520524248	9626.097434255811
0.002753216981432217	9681.394555322053
0.002772310949820922	9736.928229091587
0.0027915373377142604	9792.698308308132
0.0028108970634611497	9848.704629050437
0.002830391051779394	9904.947010558713
0.0028500202337998545	9961.425255060603
0.0028697855471109166	10018.139147597356
0.002889687935803287	10075.088455849967
0.002909728350515079	10132.272929964509
0.0029299077484772236	10189.692302378247
0.002950227093559188	10247.346287645358
0.0029706873563150197	10305.234581854758
0.0029912895140297006	10363.356849346152
0.0030120345507658303	10421.7127193804
0.0030329234574106283	10480.30180097475
0.003053957231723267	10539.123683678295
0.003075136878382517	10598.17793739076
0.003096463409034755	10657.464112181273
0.0031179378423422726	10716.98173810801
0.003139561204031936	10776.730325037106
0.0031613345269441775	10836.709362462596
0.003183258851082333	10896.9183193262
0.003205335223662315	10957.356643837305
0.0032275646991626345	11018.02376329389
0.0032499483393747695	11078.919083903093
0.0032724872134538723	11140.041990595968
0.0032951823979698504	11201.391834511796
0.0033180349769587844	11262.967906662716
0.0033410460419747035	11324.769467767226
0.0033642166921417265	11386.79575527905
0.0033875480342065614	11449.045983199318
0.0034110411825913696	11511.519341889429
0.0034346972594469943	11574.214997884701
0.0034585173947065616	11637.13209370866
0.0034825027261394556	11700.269747687995
0.0035066543994056484	11763.627053768878
0.0035309735681104465	11827.203081333571
0.0035554613938595754	11890.996875018274
0.0035801190463146683	11955.007454531642
0.0036049477032491367	12019.233814474579
0.003629948550604425	12083.674919544079
0.003655122782546657	12148.329668012226
0.0036804716015236766	12213.196910187557
0.0037059962183224812	12278.275468941605
0.0037316978521270607	12343.564139702396
0.003757577730576614	12409.061690269335
0.003783637089824213	12474.766860629908
0.0038098771745958297	12540.678362778088
0.003836299238249796	12606.794880533282
0.0038629045428366687	12673.115069362195
0.003889694359159514	12739.637556200989
0.0039166699668346065	12806.360939280527
0.0039438326543525465	12873.283787951936
0.003971183719139815	12940.40464251535
0.0039987244676207255	13007.72201329457
0.004026456215279849	13075.23435265609
0.004054380286724833	13142.940046055544
0.004082498015749679	13210.8374454422
0.004110810745398443	13278.924871453239
0.004139319828029393	13347.20061324335
0.004168026625379604	13415.662928317872
0.004196932508629997	13484.310042367346
0.0042260388584708375	13553.140149105575
0.004255347065167687	13622.15141010893
0.004284858528627793	13691.34195465968
0.0043145746584669796	13760.709879590893
0.004344496874076962	13830.253249134441
0.004374626604693144	13899.970094772129
0.004404965289462896	13969.858415086088
0.004435514377514283	14039.916161640494
0.004466275328025291	14110.141206177708
0.004497249610293522	14180.531376317174
0.004528438703806374	14251.084464821812
0.004559844098311714	14321.798229459358
0.004591467293889018	14392.670392866403
0.004623309801021052	14463.698642416866
0.004655373140665995	14534.88063009339
0.0046876588443301006	14606.213972363059
0.004720168454140843	14677.696250056186
0.004752903522920582	14749.325008249461
0.0047858656142607285	14821.097756152716
0.004819056302596433	14893.011966999948
0.004852477173281791	14965.065077943987
0.0048861298226655515	15037.254473626715
0.004920015858167394	15109.577345786565
0.004954136898354683	15182.03075946999
0.004988494573019792	15254.61173734383
0.005023090523257945	15327.317260500322
0.005057926401545605	15400.14426835812
0.0050930038718194045	15473.089658568268
0.005128324609555623	15546.150286926046
0.005163890301850219	15619.322967288723
0.005199702647499413	15692.604471499195
0.005235763357080819	15765.991529315215
0.00527207415303517	15839.480828345284
0.005308636769748582	15913.069013990385
0.005345452953635392	15986.752689392102
0.005382524463221581	16060.52841943374
0.005419853069228771	16134.392902835016
0.0054574405546587955	16208.343040151676
0.005495288714878876	16282.37571459685
0.0055333993577073685	16356.487775011754
0.005571774303500126	16430.676035873414
0.005610415385237421	16504.937277306373
0.005649324448611532	16579.26824509959
0.005688503352114887	16653.665650729352
0.005727953967128827	16728.126171386073
0.005767678178013005	16802.64645000813
0.005807677882195389	16877.22309531909
0.005847954990262889	16951.852681872424
0.005888511426052619	17026.531750099737
0.005929349126743795	17101.256806347585
0.005970470042950242	17176.02402117104
0.006011876138813598	17250.82845355984
0.006053569392097109	17325.66486668821
0.006095551794280104	17400.527961928932
0.006137825350653111	17475.412378917317
0.006180392080413655	17550.31269563063
0.006223254016762687	17625.223428481764
0.006266413207001712	17700.139032427287
0.006309871712630576	17775.053901091884
0.006353631609445935	17849.962366906228
0.0063976949876403885	17924.858701262387
0.006442063951902346	17999.73711468316
0.006486740621516542	18074.59175700845
0.006531727130465261	18149.416717596967
0.0065770256275302745	18224.206076030285
0.006622638276395471	18298.954376262496
0.006668567255750212	18373.65642210062
0.006714814759393391	18448.306976275966
0.006761382996338222	18522.900756733838
0.00680827419091776	18597.432436900333
0.006855490582891123	18671.896645960765
0.006903034427550506	18746.28796914961
0.0069509079958288865	18820.600948052703
0.006999113574408499	18894.830080920867
0.007047653465830059	18968.969822996558
0.0070965299886027395	19043.014586850848
0.0071457454773149265	19116.958742735278
0.007195302282745716	19190.796618943066
0.0072452027719772175	19264.52250282272
0.007295449328507581	19338.13067277128
0.007346044352364895	19411.615413763066
0.0073969902602217886	19484.970975281274
0.0074482894855108775	19558.19156810704
0.0074999444785409895	19631.27136475096
0.007551957706614212	19704.20449989703
0.007604331654143738	19776.985070858278
0.007657068822772532	19849.60713804592
0.0077101717314928256	19922.06472544942
0.007763642916766443	19994.3518211304
0.007817484932645924	20066.46237772854
0.007871700350896568	20138.39031297956
0.007926291761119234	20210.1295102469
0.007981261770874054	20281.67381906366
0.008036613005804973	20353.016850981963
0.008092348109765167	20424.15140254617
0.008148469744943326	20495.07003903549
0.008204980591990816	20565.765278083778
0.008261883350149716	20636.22959042144
0.008319180737381754	20706.455400638297
0.008376875490498112	20776.435087967508
0.008434970365290175	20846.160987089934
0.008493468136661153	20915.62538896035
0.008552371598758615	20984.820541654055
0.008611683565107962	21053.73865123444
0.008671406868746807	21122.371882642823
0.008731544362360304	21190.71236060805
0.0087920989184174	21258.752170578828
0.008853073429308047	21326.48333628923
0.008914470807481327	21393.89758057865
0.008976293985584615	21460.986420379402
0.009038545916603621	21527.741329087174
0.009101229574003451	21594.153740223253
0.009164347951870629	21660.215048571594
0.009227904065056115	21725.916611341127
0.009291900949319313	21791.24974935344
0.009356341661473061	21856.205748254346
0.00942122927952965	21920.77585975151
0.009486566902847856	21984.95130287683
0.009552357652280938	22048.723265272594
0.009618604670325763	22112.082904504634
0.00968531112127287	22175.02134939845
0.009752480191357625	22237.52969823786
0.009820115088912408	22299.59883572777
0.009888219044519858	22361.219329952768
0.009956795311167188	22422.381695786746
0.01002584716440156	22483.07642100904
0.010095377902486543	22543.293967899477
0.01016539084655964	22603.024774861733
0.010235889340790949	22662.259258074508
0.010306876752542882	22720.987813171283
0.010378356472531011	22779.200816947912
0.010450331914986016	22836.888629098168
0.010522806517816782	22894.041593977017
0.010595783742774596	22950.650042390906
0.010669267075618508	23006.704293416293
0.010743260026281821	23062.19465624441
0.01081776612903976	23117.11134149249
0.01089278894267824	23171.444183387077
0.010968332050663918	23225.182913524994
0.01104439906131531	23278.317256267106
0.011120993607975159	23330.836930863807
0.01119811934918398	23382.731653611587
0.011275779968854805	23433.991140038008
0.011353979176449154	23484.605107118376
0.011432720707154214	23534.563275519842
0.011512008322061245	23583.85537187436
0.011591845808345247	23632.47113108263
0.011672236979445808	23680.40029864168
0.011753185675249318	23727.632633004338
0.011834695762272337	23774.15790796328
0.01191677113384629	23819.96586347062
0.011999415710303439	23865.045627844192
0.012082633439164126	23909.38592383856
0.012166428295325335	23952.975483637718
0.012250804281250551	23995.803059440164
0.012335765427160948	24037.857426364
0.012421315791227844	24079.127385384432
0.012507459459766621	24119.601766304568
0.012594200547431844	24159.269430758246
0.012681543197413825	24198.119275243316
0.012769491581636507	24236.140234185998
0.012858049900956755	24273.321283034937
0.012947222385364993	24309.651441383856
0.01303701329418726	24345.119776122625
0.013127426916288647	24379.71540064692
0.013218467570278185	24413.4272023971
0.013310139604715047	24446.243664678743
0.013402447398316364	24478.15328441429
0.013495395360166291	24509.144618211867
0.013588987929926648	24539.206285969743
0.013683229578048964	24568.326974506876
0.01377812480598801	24596.495441223287
0.013873678146416817	24623.700517784582
0.013969894163443177	24649.931113832336
0.014066777452827651	24675.176220718986
0.014164332642203082	24699.424915262964
0.014262564391295607	24722.666363527802
0.014361477392147288	24744.889824618775
0.014461076369340185	24766.084654499573
0.014561366080222033	24786.240167756434
0.014662351315133484	24805.345162384
0.014764036897636905	24823.388373138278
0.014866427684746794	24840.35864473356
0.014969528567161758	24856.24493614426
0.015073344469498142	24871.036324919634
0.015177880350525195	24884.7220115145
0.015283141203402005	24897.29132363354
0.015389132055915952	24908.733720588636
0.015495857970722858	24919.038797665384
0.015603324045588826	24928.19629049842
0.015711535413633716	24936.196079453108
0.01582049724357633	24943.028194011622
0.015930214739981317	24948.68281716193
0.01604069314350775	24953.150261475395
0.016151937731159454	24956.420624277464
0.016263953816537023	24958.483900736963
0.01637674675009171	24959.33025134543
0.016490321919380917	24958.950012375655
0.016604684749325558	24957.33370058185
0.01671984070246918	24954.472017891447
0.016835795279238883	24950.35585608768
0.016952554018208044	24944.976301478426
0.01707012249636086	24938.32463955075
0.017188506329358755	24930.392359608042
0.017307711171808602	24921.171159385583
0.017427742717532776	24910.65294964475
0.01754860669984119	24898.829858741155
0.01767030889180511	24885.6942364194
0.017792855106532897	24871.238595796036
0.017916251197447688	24855.455570733964
0.01804050305856697	24838.33802002465
0.018165616624784126	24819.879043048142
0.0182915978721519	24800.07198423308
0.018418452818167858	24778.91043747356
0.018546187522061778	24756.38825049959
0.018674808085085124	24732.499529197958
0.018804320650802432	24707.238641880696
0.018934731405384778	24680.600223498695
0.019066046577905237	24652.579179798515
0.01919827244063645	24623.170691415427
0.019331415309350185	24592.370217905245
0.019465481543619035	24560.173501708698
0.019600477547120163	24526.576669967304
0.019736409767941204	24491.576597845495
0.01987328469888819	24455.170585284013
0.02001110887779577	24417.35622576895
0.020149888887839442	24378.131409502083
0.02028963135784999	24337.49432650319
0.020430342962630132	24295.443469624915
0.02057203042327333	24251.977637475728
0.02071470050748483	24207.09593725067
0.02085836002990491	24160.797787465817
0.0210030158524344	24113.082920594927
0.02114867488456244	24063.951385604676
0.021295344083696457	24013.403550387287
0.021443030455494578	23961.440104087284
0.021591741054200194	23908.06214286669
0.02174148298297892	23853.272304047776
0.021892263394257882	23797.074458877265
0.022044089490067344	23739.472808813323
0.022196968522384723	23680.471863062965
0.022350907793480975	23620.076438915934
0.022505914656269405	23558.291661963976
0.02266199651465681	23495.122966207382
0.022819160823897237	23430.576094045133
0.022977415090947997	23364.657096149713
0.023136766874828282	23297.372331224582
0.02329722378698019	23228.728465642776
0.023458793491632306	23158.73247296877
0.02362148370616577	23087.39163335961
0.02378530220148292	23014.713546933046
0.023950256802378434	22940.707586651773
0.024116355387913145	22865.386135626795
0.024283605891790273	22788.762119636387
0.024452016302734497	22710.84870296385
0.02462159466487348	22631.659284569683
0.024792349078122104	22551.207494188577
0.024964287698569357	22469.50718835074
0.025137418738867916	22386.572446330963
0.02531175046862643	22302.41756602633
0.0254872912148045	22217.057059764586
0.025664049362110433	22130.505650044102
0.025842033353401763	22042.77826520893
0.026021251690088412	21953.890035058186
0.026201712932538916	21863.856286394857
0.026383425700489217	21772.693491564743
0.026566398673454405	21680.423064811795
0.026750640591143286	21587.06799391566
0.026936160253875865	21492.651318105934
0.027122966523003642	21397.196119356315
0.027311068321332933	21300.725514288
0.027500474633551045	21203.26264615906
0.027691194506655366	21104.830676940786
0.027883237050385618	21005.45277948286
0.028076611437658893	20905.152129774408
0.028271326905007835	20803.9518992978
0.028467392753021802	20701.875247483054
0.02866481834679113	20598.94531426132
0.028863613116354436	20495.185212723314
0.029063786557149064	20390.61837826344
0.029265348230464616	20285.273877236676
0.029468307763899693	20179.18514950486
0.029672674851821634	20072.38548341016
0.029878459255829735	19964.907874282802
0.030085670805221402	19856.78501445568
0.03029431939746169	19748.049283684184
0.03050441499865603	19638.732739971376
0.03071596764402628	19528.86711079357
0.03092898743839005	19418.483784725682
0.031143484556643355	19307.613803461078
0.03135946924424663	19196.28785422404
0.03157695181771413	19084.536262570582
0.03179594266510657	18972.388985573
0.0320164522465275	18859.875631770283
0.032238491094622825	18747.02887357282
0.03246206981508388	18633.887714733344
0.03268719908715408	18520.49131513432
0.03291388966413896	18406.87816697906
0.03314215237391982	18293.086089229742
0.03337199811947093	18179.152222773424
0.03360343787938034	18065.113026294977
0.033836482708374145	17951.004272843555
0.034071143737844686	17836.86104707144
0.034307432176382144	17722.717743130706
0.034545359310309935	17608.608063207656
0.0347849365042238	17494.565016677185
0.03502617520153463	17380.62091986144
0.035269086925015077	17266.807396370714
0.035513683277349946	17153.157364210623
0.03575997594169035	17039.71364657273
0.03600797668221186	16926.521595167535
0.036257697344676224	16813.62545043659
0.03650914985699741	16701.068345106152
0.03676234622981121	16588.89231154136
0.03701729855704897	16477.138290179726
0.03727401901651521	16365.846138994555
0.03753251987046937	16255.054643944506
0.037792813466211474	16144.801530362178
0.03805491223667187	16035.123475237679
0.038318828701005156	15926.056120354779
0.038584575465188155	15817.634086232563
0.0388521652226219	15709.89098683537
0.03912161075473814	15602.859135334656
0.039392924931609744	15496.564450869284
0.039666120712565416	15391.027437002434
0.03994121114680874	15286.267787333456
0.04021820937404147	15182.304549772753
0.04049712862509112	15079.156139080413
0.04077798222254299	14976.840349611119
0.0410607835813765	14875.37436824934
0.04134554620960583	14774.774787518649
0.04163228370892537	14675.057618849669
0.04192100977535922	14576.23830599296
0.04221173819991548	14478.331738561048
0.04250448286924488	14381.352265687514
0.04279925776630419	14285.313709789298
0.04309607697102403	14190.229433055047
0.04339495466098142	14096.121157855654
0.04369590511207701	14003.028536699252
0.04399894269921696	13910.992393174885
0.04430408189699943	13820.052333423157
0.04461133728040617	13730.246783837089
0.04492072352549857	13641.613029781041
0.04523225541011867	13554.187255264089
0.04554594781459504	13468.004583507458
0.04586181572245354	13383.099118351089
0.046179874221133003	13299.50398644536
0.0465001385027059	13217.251380180844
0.04682262386460397	13136.372601312733
0.04714734571034895	13056.89810523641
0.04747431955028816	12978.856568904164
0.04780356100233563	12902.243717572386
0.04813508579271787	12827.016660666908
0.04846890975672512	12753.131172782261
0.04880504883946769	12680.54401021749
0.04914351909663763	12609.212877654772
0.04948433669527557	12539.096396198112
0.04982751791454297	12470.154072723388
0.05017307914649976	12402.346270494632
0.050521036896887056	12335.634181001138
0.050871407785915916	12269.979796974603
0.051224208549060964	12205.345886545341
0.051579456037859836	12141.69596849935
0.051937167220718075	12078.99416070344
0.05229735918371963	12017.204454195404
0.05266004913144299	11956.291208107861
0.053025254387782925	11896.21946811313
0.05339299239677802	11836.954946750622
0.053763280723443885	11778.46400379763
0.05413613705461198	11720.713627582854
0.054511579199774715	11663.671417213789
0.054889625091935915	11607.305565689432
0.05527029278846743	11551.584843871677
0.05565360047197174	11496.478585289524
0.05603956645115027	11441.956625133644
0.056428209161678074	11387.984058378344
0.05681954716708433	11334.516579781508
0.05721359915963905	11281.509556905756
0.057610383961245945	11228.91915577898
0.0580099205243413	11176.70232493234
0.05841222793279949	11124.816781105148
0.05881732540284434	11073.22099656601
0.05922523228396705	11021.874188001535
0.05963596805985039	10970.736306925146
0.060049552349299415	10919.768031560878
0.06046600490717843	10868.929976841428
0.060885345625354734	10818.16808901529
0.06130759453364866	10767.415285234976
0.061732771800790204	10716.605242720021
0.06216089773538264	10665.67292628019
0.06259199278687237	10614.554593637216
0.06302607754652574	10563.18780460342
0.06346317274841261	10511.511433972802
0.06390329927039663	10459.465687978287
0.0643464781351326	10406.99212416721
0.0647927305110705	10354.032882354984
0.0652420777134667	10300.517078536639
0.06569454120540207	10246.362996332142
0.06615014259880692	10191.49055775112
0.06660890365549374	10135.821811510237
0.06707084628819633	10079.280995018804
0.06753599256161659	10021.794601853977
0.06800436469347831	9963.291454345557
0.06847598505558859	9903.702780876192
0.06895087617490629	9842.962340025295
0.06942906073461808	9781.014145020403
0.0699105615752219	9717.821116197214
0.07039540169561796	9653.350403984492
0.0708836042542071	9587.571268576014
0.07137519256999733	9520.45513742428
0.07187019012371731	9451.975662291883
0.0723686205589381	9382.108775590274
0.07287050768320236	9310.832745728516
0.07337587546916166	9238.12887018541
0.07388474805572146	9164.000490788414
0.07439714974919405	9088.475500622597
0.07491310502445975	9011.584140406547
0.07543263852613556	8933.357658240287
0.07595577506975276	8853.828286256297
0.07648253964294198	8773.029215883404
0.07701295740662675	8690.994571745769
0.07754705369622536	8607.759428361234
0.07808485402286097	8523.373767569428
0.07862638407458017	8437.92156595743
0.07917166971757997	8351.490614819077
0.07972073699744328	8264.167262116807
0.08027361214038309	8176.036326521501
0.08083032155449484	8087.18101794564
0.08139089183101823	7997.68286449433
0.08195534974560714	7907.621877794898
0.08252372225960851	7817.088744195287
0.08309603652135025	7726.190147006002
0.083672319867438	7635.030880918218
0.08425259982406075	7543.71223923754
0.0848369041083057	7452.331976320254
0.08542526062948225	7360.984282111756
0.08601769749045493	7269.759768196965
0.08661424298898573	7178.748929006085
0.08721492561908598	7088.0556396454085
0.08781977407237708	6997.784454976178
0.08842881723946118	6908.035097604775
0.08904208421130097	6818.9025142554965
0.08965960428060935	6730.476947516305
0.09028140694324845	6642.844020019223
0.09090752189963866	6556.08864498659
0.09153797905617721	6470.313740752272
0.09217280852666646	6385.624843978475
0.09281204063375263	6302.121558844198
0.09345570591037394	6219.897742848716
0.0941038351012191	6139.041721275785
0.09475645916419576	6059.636514244054
0.09541360927190923	5981.76007478713
0.09607531681315154	5905.485862280958
0.0967416133944006	5830.888856740832
0.09741253084132995	5758.044805637751
0.09808810120032896	5687.025045986436
0.09876835674003326	5617.896620300963
0.09945332995286645	5550.722596306301
0.1001430535565919	5485.562392099038
0.10083756049587543	5422.472105926117
0.1015368839438591	5361.5017977629805
0.1022410573037456	5302.664660528515
0.10295011421039374	5245.951584464744
0.10366408853192516	5191.353483786426
0.10438301437134187	5138.86174922327
0.1051069260681554	5088.468343242159
0.1058358582000266	5040.165894421766
0.10656984558441776	4993.947638110126
0.10730892328025542	4949.778703826919
0.10805312658960495	4907.563582750187
0.10880249105935677	4867.2025593680155
0.10955705248292427	4828.599881487997
0.11031684690195351	4791.663487848038
0.11108191060804462	4756.304754181639
0.11185228014448553	4722.438239550078
0.11262799230799704	4689.964463079426
0.11340908415049088	4658.7384628436
0.11419559298083923	4628.610862454144
0.11498755636665683	4599.436426378125
0.1157850121360954	4571.073760669393
0.11658799837965053	4543.385058106472
0.11739655345198104	4516.235713840425
0.11821071597374094	4489.484868876595
0.11903052483342429	4462.980817561299
0.11985601918922272	4436.574225629319
0.12068723847089537	4410.119261221472
0.12152422238165299	4383.47358647427
0.12236701090005382	4356.4983958905805
0.12321564428191335	4329.060462359454
0.12407016306222718	4301.041427119149
0.12493060805710707	4272.330434962527
0.12579702036573057	4242.820259578816
0.12666944137230415	4212.407497699963
0.12754791274803987	4180.992792844489
0.12843247645314596	4148.483908970813
0.1293231747388306	4114.822656472148
0.13022005014932064	4079.972174027402
0.13112314552389345	4043.899149075458
0.13203250399892305	4006.5737153270934
0.13294816900994066	3967.9695925381925
0.13387018429370937	3928.068902775861
0.13479859389031315	3886.8963550187736
0.1357334421452606	3844.497986673009
0.136674773711603	3800.9211427509904
0.13762263355206686	3756.2142387314548
0.13857706694120225	3710.4266719001994
0.13953811946754485	3663.620970780758
0.14050583703579358	3615.9001265351476
0.14148026586900325	3567.37327464728
0.1424614525107924	3518.146748951985
0.14344944382756653	3468.3238809860777
0.14444428701075654	3418.0070733527755
0.14544602957907302	3367.3316081023913
0.14645471938077587	3316.45623200758
0.1474704045959595	3265.532825612133
0.14849313373885475	3214.705434041179
0.14952295566014573	3164.1105420865024
0.15055991954930315	3113.8994526951446
0.15160407493693456	3064.252702137553
0.15265547169714894	3015.343166241009
0.15371416004993965	2967.3324512269887
0.15478019056358389	2920.3713611137523
0.1558536141570564	2874.6004358227906
0.15693448210246352	2830.1505577680846
0.15802284602749025	2787.1436496900997
0.1591187579178684	2745.693408495315
0.16022227011985724	2705.9057809149003
0.1613334353427465	2667.851181212753
0.16245230666137156	2631.5437797876207
0.1635789375186498	2596.9914828984356
0.16471338172813405	2564.2019925200316
0.16585569347658086	2533.1806571841266
0.1670059273265412	2503.8808414648934
0.16816413821896428	2476.2085559089755
0.16933038147582408	2450.072814132114
0.17050471280275944	2425.3873717411607
0.17168718829173743	2402.0633662454197
0.1728778644237302	2379.9789263593752
0.17407679807141385	2359.005003696659
0.1752840465018859	2339.017680112592
0.17649966737939837	2319.8972419594998
0.17772371876811477	2301.513948539639
0.17895625913488084	2283.7255292603945
0.18019734735201992	2266.393219528172
0.18144704270014236	2249.3824573752336
0.1827054048709796	2232.5562385110193
0.18397249397023283	2215.76262007713
0.18524837052044643	2198.8507152730203
0.18653309546389676	2181.674312656942
0.1878267301655038	2164.0933657503083
0.1891293364157634	2145.980293929673
0.19044097643369629	2127.2150958364145
0.19176171286982271	2107.6830574399487
0.1930916088091523	2087.2819308529424
0.19443072777419976	2065.964394309223
0.19577913372801667	2043.708924049528
0.19713689107724916	2020.497610256331
0.198504064675212	1996.3253113087774
0.1998807198249873	1971.2512787745463
0.2012669222825448	1945.3600315083802
0.20266273825988027	1918.7348194630567
0.20406823442818084	1891.466300428699
0.20548347792100685	1863.6833075483667
0.2069085363375013	1835.5209467379987
0.20834347774561576	1807.108262290754
0.20978837068536468	1778.5766321319886
0.2112432841720965	1750.0701154805367
0.2127082876997914	1721.727169206197
0.21418345124438176	1693.678132302691
0.21566884526709193	1666.0520956576286
0.21716454071780672	1638.9763445456426
0.2186706090384575	1612.5698623778603
0.22018712216643763	1586.9409007560782
0.22171415253803525	1562.1776094985653
0.22325177309189664	1538.3582974453293
0.22480005727250668	1515.5552682055497
0.2263590790337004	1493.810323406875
0.22792891284219235	1473.1324336480016
0.2295096336811348	1453.5284077032486
0.23110131705370066	1434.9924801702898
0.23270403898668662	1417.4734184383117
0.23431787603414847	1400.912244102043
0.23594290528105386	1385.2501563620156
0.23757920434696791	1370.3988854707754
0.23922685138975722	1356.2546152440718
0.2408859251093265	1342.7172680760905
0.24255650475137475	1329.6734296279014
0.24423867011118147	1316.9931628697943
0.2459325015374198	1304.5501575712321
0.2476380799359909	1292.21885170596
0.24935548677389235	1279.8705571374585
0.25108480408310546	1267.3805939435595
0.25282611446451747	1254.6375054798336
0.25457950109186306	1241.5574692509952
0.256345047715701	1228.064741232373
0.25812283866741126	1214.101547209259
0.2599129588632245	1199.6585189549994
0.2617154938082793	1184.7371916688396
0.2635305296007033	1169.3524152086834
0.26535815293572923	1153.5571259984888
0.26719845110983237	1137.4103172520538
0.2690515120249037	1120.9764047272695
0.27091742419244513	1104.3359660885812
0.2727962767378009	1087.5689101829523
0.2746881594044107	1070.7577178270978
0.2765931625581003	1053.992117164389
0.27851137719139435	1037.358136700878
0.2804428949278643	1020.9443458342545
0.282387808026506	1004.8422391055198
0.2843462093861432	989.1373197027831
0.28631819254986884	973.9040575594754
0.28830385170950895	959.2088712383074
0.29030328171012604	945.1063091781225
0.29231657805454503	931.6164490066866
0.29434383690791927	918.7498007720321
0.29638515510232	906.4950138357304
0.2984406301413634	894.8082430069359
0.30051036020486926	883.6428872391818
0.3025944441535469	872.9336326201699
0.30469298153372126	862.6064865132462
0.3068060725820839	852.5883929159584
0.30893381823048477	842.8035481399725
0.3110763201107491	833.178600807169
0.3132336805595359	823.6440835854745
0.31540600262322266	814.134096201799
0.31759339006282866	804.5878943021164
0.31979594735897304	794.9530562353325
0.32201377971686124	785.1821454644374
0.3242469930713145	775.2442887721044
0.3264956940918257	765.1186889745949
0.3287599901876589	754.8005780252673
0.33103998951297464	744.3089430120416
0.3333358009720013	733.6699843702575
0.33564753422423166	722.9336285312587
0.33797529968966594	712.1550052399582
0.3403192085540815	701.3954842319315
0.3426793727743456	690.7191590595042
0.34505590508376494	680.1838096724397
0.3474489189974657	669.8398773009542
0.3498585288178211	659.7306029192994
0.35228484963990553	649.8858088064964
0.3547279973569975	640.329599207399
0.35718808866611	631.074339254044
0.3596652410735696	622.1270933054772
0.36215957290062495	613.484530663802
0.36467120328909997	605.1372150294537
0.3672002522070868	597.0644438531649
0.3697468404546714	589.2366620396698
0.3723110896697091	581.6163693929419
0.3748931223336289	574.1577413645232
0.3774930617772897	566.8145059822722
0.38011103218686515	559.5397375154272
0.3827471586097813	552.292816314653
0.3854015669606848	545.0420363418003
0.3880743840274587	537.7645908095787
0.39076573747728116	530.4504417006758
0.3934757558627184	523.0972663548278
0.3962045686278704	515.713244017554
0.3989523061145485	508.3116320135787
0.4017190995685067	500.9120907301497
0.4045050811457048	493.53686664387067
0.40731038391862684	486.21114080093696
0.4101351418826311	478.9607359410373
0.41297948996235684	471.8119215903135
0.4158435640181633	464.78936958074013
0.4187275008526215	457.91566431482033
0.4216314382170509	451.2070393678593
0.4245555148180937	444.67406281448723
0.42749987032434633	438.31599316435876
0.43046464537302465	432.1252792225029
0.43344998157668735	426.08498306495596
0.4364560215299946	420.17558553174916
0.43948290881652424	414.37616497973517
0.4425307880156256	408.6680480641958
0.44559980470932714	403.0352419156902
0.44869010548929267	397.462879398787
0.45180183796381757	391.936764168635
0.4549351507648862	386.44240524409963
0.45809019355526437	380.9681012085278
0.46126711703565465	375.50777674184894
0.46446607295188796	370.063731706611
0.46768721410217867	364.64582847184045
0.4709306943444167	359.2699020635137
0.47419666860351944	353.9524031345874
0.47748529287883396	348.70696771799965
0.48079672425158254	343.54288010489523
0.4841311208923727	338.46587491933064
0.4874886420687448	333.4799911060869
0.49086944815278716	328.5886075375728
0.4942737006287883	323.79451259848423
0.49770156210095834	319.0978284924666
0.5011531963011876	314.4951169606609
0.5046287680968754	309.9777892169291
0.5081284434987982	305.5342322708265
0.5116523896690414	301.15194895094174
0.5152007749289875	296.8202186862529
0.5187737687673488	292.53221882146556
0.522371541848271	288.2847783110799
0.5259942660194767	284.0776246363122
0.5296421143204824	279.91114805154155
0.5333152609908549	275.7859375831745
0.5370138814785426	271.7029910761834
0.5407381524482481	267.66529243523263
0.5444882517898705	263.67806421354055
0.5482643586270041	259.74849167742104
0.5520666533254882	255.88290437669224
0.55589531750203	252.0844253333819
0.5597505340328719	248.35209033215256
0.5636324870625332	244.6821281063684
0.5675413620125995	241.07048511156702
0.5714773455905867	237.51427461442785
0.5754406257988516	234.01218876308343
0.5794313919435755	230.56206425121886
0.5834498346438092	227.1600624722134
0.5874961458405704	223.80103275803674
0.5915705188060212	220.48005068513507
0.5956731481526899	217.19552913190802
0.5998042298427764	213.94940330177323
0.6039639611975025	210.7453176209749
0.6081525409065469	207.58596780738938
0.6123701690375264	204.47145106732884
0.6166170470455603	201.40064931370443
0.6208933777828862	198.37350079810426
0.6251993655085517	195.3917933943256
0.6295352158981751	192.45737437689934
0.6339011360537604	189.56918066853046
0.6382973345135999	186.72536440259935
0.6427240212622252	183.92415586877587
0.647181407740446	181.16386089039707
0.6516697068554412	178.44285827901638
0.6561891329909372	175.7598006397446
0.6607399020174397	173.11409510989446
0.6653222313025484	170.50531088085606
0.6699363397213433	167.93301989093902
0.6745824476668304	165.3967968649542
0.6792607770604792	162.896219351945
0.6839715513628125	160.43086776111855
0.6887149955840897	158.00032539599982
0.6934913362950449	155.6041784868474
0.698300801637719	153.24201622136735
0.703143621336348	150.913430773751
0.7080200267083395	148.61801733207614
0.7129302506753253	146.35537412409855
0.7178745277742785	144.1251024414759
0.722853094168726	141.92680666245127
0.7278661876600184	139.7600942730225
0.7329140476986994	137.62457588664057
0.7379969153959323	135.5198652624696
0.7431150335350276	133.44557932222088
0.7482686465830288	131.40133816562096
0.7534580007023998	129.38676508451886
0.7586833437627737	127.40148657568349
0.7639449253527963	125.44513235231064
0.7692429967920521	123.51733535426514
0.7745778111430582	121.61773175710863
0.7799496232233637	119.74596097991505
0.7853586896177096	117.9016656919334
0.7908052686902957	116.0844918180926
0.7962896205971103	114.29408854341264
0.8018120072983675	112.53010831632277
0.8073726925710107	110.79220685093033
0.812971942021315	109.08004053253872
0.8186100230975788	107.39325148253108
0.8242872051028887	105.731478969533
0.8300037592079935	104.09436716046655
0.8357599584642458	102.48156508331303
0.8415560778166561	100.89272656310854
0.847392394117013	99.32751015875229
0.853269186137119	97.78557910062516
0.8591867345820967	96.26660122900294
0.8651453221037999	94.77024893326191
0.8711452333143194	93.29619909185485
0.8771867547995675	91.84413301306085
0.883270175132978	90.41373637649096
0.8893957848892784	89.00469917534247
0.8955638766583811	87.61671565939116
0.9017747450593465	86.24948427871774
0.908028686754469	84.90270762814993
0.9143260004634327	83.5760923924197
0.9206669869775943	82.26934929202297
0.9270519491743376	80.98219302977265
0.9334811920315468	79.71434223803686
0.9399550226421772	78.46551942665589
0.9464737502289132	77.2354509315251
0.9530376861589507	76.02386686383862
0.9596471439588568	74.83050105998576
0.9663024393295587	73.65509103208865
0.9730038901614096	72.49737791917792
0.9797518165493863	71.35710643899378
0.9865465408083661	70.23402484040788
0.9933883874885285	69.1278848564563
1.0002776833908618	68.03844165797703
1.0072147575827601	66.96545380896005
1.0141999414137566	65.90868424375454
1.0212335685313347	64.86790200843338
1.0283159748968804	63.8428796645567
1.0354474988017144	62.83339272208897
1.0426284808832653	61.83921960670135
1.0498592641413271	60.86014162733115
1.0571401939544482	59.89594294399523
1.0644716180964342	58.946410535866924
1.0718538867529466	58.01133416960739
1.0792873525382434	57.090506367956
1.0867723705120071	56.18372237857805
1.0943092981963198	55.29078014316866
1.1018984955927251	54.41148026681751
1.1095403251994373	53.54562598762478
1.117235152028643	52.69302314657909
1.1249833436239494	51.85348015768754
1.1327852700779277	51.026807978364275
1.1406413040497958	50.21282008007124
1.148551820783225	49.411332419216095
1.1565171981242488	48.6221634083033
1.1645378165393268	47.845133887338626
1.1726140591335026	47.08006709548548
1.1807463116687176	46.32678864297624
1.1889349625822216	45.58512648327279
1.1971804030051427	44.85491088547665
1.2054830267811552	44.13597440699301
1.2138432304852973	43.42815186644097
1.222261413442921	42.73128031681247
1.23073797774875	42.04519901887962
1.2392733282861028	41.36974941484752
1.2478678727462158	40.70477510225475
1.2565220216477329	40.05012179689654
1.2652361883562973	39.40563690806246
1.2740107891043126	38.7711694353217
1.28284624301081	38.14657045802025
1.2917429721014726	37.53169314311212
1.3007014013288016	36.92639271818066
1.3097219585923972	36.33052644476641
1.3188050747594167	35.743953592002995
1.3279511836851352	35.16653541055421
1.337160722233688	34.598135106850194
1.3464341302989193	34.03861781762348
1.3557718508254109	33.4878505847362
1.3651743298296217	32.945702330301174
1.3746420164212108	32.41204383209067
1.3841753628244726	31.886747699231588
1.3937748243999433	31.369688348184102
1.4034408596661592	30.860741979001293
1.413173930321542	30.35978655186604
1.4229745012664694	29.866701763904302
1.4328430406254624	29.38136902627024
1.4427800197695653	28.903671441501682
1.4527859133388406	28.433493781143923
1.4628611992650598	27.97072246363652
1.4730063587945144	27.515245532464498
1.4832218765110112	27.06695263456775
1.4935082403590245	26.625734999008422
1.503865941666986	26.19148541589179
1.5142954751707733	25.764098215541278
1.52479733903732	25.34346924792076
1.5353720348884328	24.929495862305266
1.5460200678247278	24.52207688719662
1.5567419464497816	24.12111261047949
1.5675381828944024	23.7265047618609
1.578409292841102	23.338156512007455
1.5893557955487356	22.955972443360885
1.6003782138772837	22.57985851869046
1.6114770743128508	22.20972206235203
1.622652906992788	21.845471741932226
1.6339062457310403	21.48701755011768
1.6452376280436187	21.13427078678295
1.6566475951743007	20.787144041296944
1.6681366921204572	20.445551175046205
1.6797054676591077	20.109407304170773
1.691354474373115	19.778628782512797
1.703084268677584	19.453133184773577
1.7148954108464511	19.132839289878163
1.726788465039223	18.817667064545056
1.738763999327949	18.507537647058943
1.7508225857243291	18.202373331244114
1.7629648002070635	17.902097550636356
1.7751912227493356	17.606634862851386
1.7875024373465427	17.315910934148672
1.799899032044167	17.02985252418641
1.8123815989658743	16.748387470968016
1.8249507343418039	16.471444675975853
1.8376070385370273	16.198954089492776
1.8503511160802513	15.930846696106686
1.8631835756926638	15.667054500397894
1.8761050303170386	15.407510512807338
1.8891160971469854	15.152148735682687
1.902217397656457	14.900904149500887
1.915409557629409	14.653712699265936
1.9286932071897025	14.410511281078426
1.9420689808312113	14.17123772887665
1.955537517448104	13.935830795975807
1.9690994603653897	13.704230126374519
1.982755457369618	13.476376259531687
1.9965061607398475	13.25221062343547
2.010352227278775	13.031675522086461
2.024294318344137	12.814714123142114
2.038333099880272	12.601270445723028
2.0524692424499413	12.391289348376873
2.0667034212663697	12.184716517199595
2.0810363162254717	11.98149845411183
2.0954686119383545	11.781582465288098
2.110000997763992	11.584916649738163
2.1246341678421783	11.39144988803736
2.1393688211266544	11.201131831205672
2.154205661418526	11.013912889732492
2.169145397399848	10.829744222746402
2.184188742667506	10.648577727327632
2.1993364157672732	10.470366027961429
2.2145891402281466	10.29506246613162
2.229947644596914	10.122621090051538
2.245412662472928	9.952996644531506
2.2609849325431783	9.786144560980624
2.276665198617542	9.62202094754223
2.292454209664343	9.46058257936024
2.3083527198460976	9.301786888975613
2.324361488555566	9.145591956851392
2.3404812804519977	8.991956502024284
2.3567128654976677	8.840839872881567
2.3730570189946665	8.692202038062122
2.3895145216219036	8.546003577479334
2.406086159472427	8.402205673465094
2.422772724090942	8.260770101913591
2.43957501251165	8.121659213707138
2.456493827296286	7.984835919599922
2.473529976572487	7.85026369862253
2.4906842740723616	7.717906591576869
2.507957539171372	7.587729192797354
2.5253505969274843	7.459696642024976
2.542864278120545	7.333774616393516
2.560499419292001	7.209929322526569
2.5782568627848206	7.088127488743603
2.5961374567837625	6.9683363573736825
2.614142055355855	6.850523677175773
2.632271518491227	6.734657695864369
2.6505267121441474	6.620707152738241
2.668908508274425	6.508641271412272
2.6874177848890253	6.398429752650229
2.7060554260840233	6.290042767296988
2.724822322086844	6.183450949309854
2.7437193692987543	6.078625388886867
2.762747470337715	5.975537625691168
2.781907534081458	5.874159642170371
2.8012004757109357	5.774463856969165
2.8206272167539974	5.676423118434721
2.8401886851294442	5.58001069821291
2.859885815191317	5.485200284934845
2.87971954777354	5.391965977991903
2.8996908302348765	5.300282281398949
2.9198006165041424	5.2101240977434
2.9400498671258126	5.12146672222049
2.9604395493058586	5.034285836752251
2.980970636957992	4.94855750418999
3.0016441107501364	4.864258162598771
3.0224609581513167	4.781364619422633
3.0434221734787856	4.699854042962791
3.0645287579455323	4.619703957769643
3.085781719708124	4.540892241867181
3.1071820739148213	4.463397121491794
3.1287308427541105	4.387197165831352
3.1504290555034844	4.312271281839366
3.1722777485786513	4.238598709123752
3.1942779655829923	4.166159014908841
3.216430757357456	4.09493208906981
3.238737182030708	4.024898139238591
3.2611983050697124	3.9560376859802346
3.2838151993305913	3.888331558038781
3.3065889451098807	3.821760887651712
3.3295206301961517	3.756307105932188
3.3526113499219274	3.6919519383178203
3.3758622072160485	3.628677400085611
3.3992743126563068	3.5664657919315084
3.4228487845225386	3.5052996956144113
3.4465867488499935	3.445161969663042
3.4704893394831684	3.386035745145517
3.494557698129921	3.3279044215001448
3.51879297441602	3.2707516624271586
3.5431963259400816	3.2145613918400358
3.5677689183288126	3.1593177898761464
3.5925119252927415	3.1050052889653714
3.617426528682226	3.051608569956346
3.642513918543957	2.999112558299253
3.6677752931777534	2.947502420284499
3.6932118591938425	2.8967635593365677
3.7188248315704557	2.846881612362145
3.7446154337118798	2.7978424461518823
3.770584897506908	2.7496321529406442
3.7967344633876414	2.702237042728623
3.8230653803887886	2.655643643501301
3.8495789062072707	2.609838699776564
3.8762763072623523	2.5648091692440893
3.903158858756075	2.520542219451864
3.930227844734225	2.4770252245423214
3.957484558147607	2.4342457620368654
3.9849303009138604	2.3921916096685845
4.012566383979595	2.350850742262049
4.04039412738303	2.3102113286599306
4.068414860317069	2.270261728695427
4.096629921192733	2.230990490210115
4.1250406577031535	2.192386346116313
4.1536484268878855	2.1544382115036975
4.1824545951977825	2.1171351807891012
4.211460538560208	2.0804665249092804
4.240667642444817	2.0444216885557296
4.270077301929676	2.008990287451194
4.299690921767931	1.974162105667035
4.329509916454918	1.939927092981139
4.359535710295678	1.9062753622755404
4.389769737473052	1.8731971869733277
4.420213442116117	1.8406829985143025
4.450868278369234	1.8087233838686578
4.481735710461438	1.7773090830883758
4.512817212776442	1.746430986895545
4.5441142699230035	1.716080134307324
4.575628376805865	1.6862477102967715
4.607361038697176	1.6569250434892493
4.639313771308341	1.6281036038937233
4.671488100862482	1.5997750006682565
4.70388556416727	1.5719309798225618
4.736507708688398	1.5445634219214464
4.769356092623433	1.517664340166601
4.8024322849763035	1.4912258783311618
4.835737865632181	1.4652403086894181
4.86927442543301	1.439700029978043
4.903043566253431	1.4145975653885758
4.937046901077326	1.3899255605904917
4.971286054074886	1.3656767817845883
5.0057626606801255	1.3418441137861323
5.040478367669074	1.3184205581374024
5.075434833238362	1.295399231249137
5.110633727084493	1.2727733625705502
5.14607673048353	1.250536292787373
5.181765536371471	1.22868147204764
5.2177018494250476	1.2072024582147542
5.253887386143178	1.1860929151473718
5.290323874928985	1.1653466110058557
5.327013056172283	1.1449574165847518
5.363956682332788	1.1249193036710357
5.401156518023746	1.1052263434276277
5.438614340096294	1.08587270480193
5.47633193772426	1.0668526529589444
5.514311112489695	1.0481605477385518
5.5525536784688585	1.0297908421367457
5.591061462318902	1.0117380808103518
5.62983630336514	0.9939968986048996
5.668880053688845	0.9765620191053251
5.708194578215787	0.9594282532091913
5.7477817548052315	0.9425904977220245
5.7876434743397205	0.92604373397447
5.827781640815301	0.9097830264196196
5.868198171432563	0.8938035202072238
5.908894996688118	0.8781004398454805
5.949874060466907	0.862669089150669
5.991137320134966	0.8475048500284218
6.032686746632955	0.8326031812080584
6.0745243245703335	0.8179596169968009
6.116652052320078	0.8035697660536217
6.159071942114224	0.7894293101823314
6.201786020139886	0.7755340031437102
6.244796326636136	0.7618796694863265
6.288104915991359	0.7484622033957712
6.331713856841477	0.7352775675620847
6.37562523216867	0.7223217920650151
6.419841139400913	0.7095909732768848
6.4643636905121875	0.6970812727828134
6.509195012123283	0.6847889163179731
6.554337245603465	0.6727101927216832
6.599792547172666	0.6608414529080424
6.6455630880045735	0.6491791088528591
6.691651054330236	0.6377196325966411
6.738058647542587	0.626459555263387
6.784788084301511	0.6153954660949397
6.8318415966397605	0.6045240115006717
6.879221432069601	0.5938418941222405
6.926929853690077	0.5833458719132499
6.974969140295213	0.5730327572334817
7.023341586482761	0.5628994159575909
7.072049502763896	0.5529427665979522
7.121095215673479	0.5431597794414906
7.17048106788129	0.5335474757002574
7.220209418303818	0.5241029266755491
7.27028264221704	0.5148232529145315
7.320703131369787	0.5057056232476975
7.3714732940980205	0.49674725409258913
7.422595555439912	0.487945408762541
7.4740723572515755	0.479297396695335
7.525906158323818	0.47080057269345893
7.5780994344994665	0.46245233617655634
7.630654678791743	0.45425013044586965
7.683574401503232	0.4461914419604607
7.736861130345891	0.4382737996250712
7.790517410561699	0.4304947740894078
7.844545805044259	0.4228519770586824
7.898948894461267	0.4153430606152458
7.953729277377678	0.4079657165511234
8.008889570379933	0.40071767571130723
8.064432408200837	0.3935967073475953
8.120360443845506	0.38660061848286703
8.176676348717995	0.3797272532855882
8.233382812748992	0.3729744924544202
8.290482544524211	0.3663402526127258
8.347978271413812	0.3598224857128944
8.405872739702712	0.35341917845024634
8.46416871472167	0.34712835168643824
8.522868980979476	0.34094805988216875
8.581976342295844	0.33487639053907825
8.641493621935457	0.32891146365067103
8.701423662742695	0.32305143116213053
8.761769327277545	0.3172944764388903
8.822533497952213	0.31163881374380736
8.883719077168923	0.3060826877228322
8.945328987458444	0.30062437289900645
9.007366171619724	0.29526217317467596
9.069833592860514	0.2899944212574226
9.13273423493878	0.2848194779816646
9.196071102305359	0.27973573208104835
9.259847220247337	0.2747415997864441
9.324065635032682	0.2698355243660307
9.388729414055609	0.26501597567287916
9.453841645983239	0.26028144969993955
9.51940544090301	0.25563046814230467
9.585423930471274	0.2510615779666294
9.651900268062931	0.2465733509875956
9.71883762892195	0.24216438345132416
9.786239210313143	0.23783329562558833
9.854108231674763	0.23357873139676422
9.92244793477242	0.2293993578733764
9.99126158385377	0.2252938649961506
10.060552465804589	0.2212609651544696
10.13032389030564	0.2172993928091105
10.20057918999081	0.21340790412120508
10.271321720606348	0.20958527658726153
10.342554861171038	0.20583030868022528
10.414282014137727	0.20214181949641155
10.486506605555704	0.19851864840825964
10.559232085234497	0.19495965472281068
10.632461926908494	0.19146371734579154
10.706199628403027	0.18802973445125473
10.780448711801288	0.1846566231566446
10.855212723612713	0.18134331920323127
10.930495234942255	0.17808877664181938
11.006299841661004	0.17489196752363317
11.082630164578013	0.17175188159632065
11.159489849613099	0.16866752600496343
11.236882567971161	0.1656379249971684
11.314812016317362	0.16266211958637342
11.39328191695387	0.15973916724722734
11.47229601799749	0.156868141707166
11.551858093558854	0.15404813267730838
11.631971943922549	0.15127824558156566
11.712641395728705	0.14855760129024578
11.793870302155822	0.14588533585807864
11.875662543104692	0.1432606002665938
11.95802202538387	0.1406825601707782
12.04095268289613	0.13815039564994916
12.124458476826524	0.13566330096276372
12.20854339583143	0.13322048430630848
12.293211456229237	0.13082116757919676
12.37846670219203	0.12846458614861422
12.464313205938824	0.126149988621238
12.550755067930154	0.12387663661798054
12.637796417063758	0.12164380455248307
12.725441410871985	0.11945077941330294
12.813694235720204	0.11729686054974202
12.902559107006931	0.11518135946124168
12.992040269365011	0.11310359959029667
13.082141996864538	0.11106291611882989
13.172868593216819	0.10905865576796907
13.264224391980141	0.10709017660116908
13.35621375676658	0.10515684783062826
13.448841081450519	0.1032580496269428
13.542110790378578	0.10139317293194676
13.63602733858078	0.09956161927468689
13.73059521198354	0.09776280059047908
13.825818927623745	0.09599613904299456
13.921703033864697	0.09426106684933423
14.01825211061318	0.0925570261024654
14.115470769538396	0.09088346853666204
14.213363654292104	0.08923985538857182
14.311935440730458	0.08762565728527157
14.411190837137458	0.08604035408421035
14.511134584449637	0.08448343471478514
14.611771456482739	0.08295439702258761
14.713106260159526	0.08145274761627962
14.815143835739583	0.07997800171704808
14.917889057050306	0.07852968301060231
15.021346831719915	0.07710732350166769
15.12552210141169	0.07571046337093917
15.230419842060066	0.07433865083444446
15.336045064108406	0.07299144200529291
15.442402812748135	0.07166840075775188
15.549498168159941	0.07036909859362724
15.657336245756204	0.0690931145109021
15.765922196425562	0.06784003487459794
15.875261206778713	0.06660945328982043
15.985358499396396	0.06540097047695877
16.09621933307859	0.06421419414899426
16.207849003095962	0.06304873889088973
16.320252841442578	0.06190422604102429
16.433436217090666	0.0607802835746362
16.54740453624717	0.05967654598924372
16.662163242611754	0.058592654192010804
16.777717817637082	0.05752825538902321
16.894073780790375	0.056483002976444034
17.011236689817288	0.05545655643352037
17.129212141007173	0.05444858121740574
17.248005769460573	0.053458748659770496
17.367623249358218	0.05248673586516906
17.488070294232116	0.051532225605658594
17.609352657238556	0.0505949062017729
17.731476131432707	0.04967447144650023
17.854446550045548	0.048770620518992266
17.978269786762258	0.04788305789116772
18.10295175600303	0.04701149323590391
18.228498413205298	0.046155641336797476
18.354915755108472	0.0453152219994648
18.48220982004015	0.04448995996435643
18.61038668820462	0.04367958482106271
18.739452481973387	0.04288383092408245
18.869413366177383	0.04210243731003199
19.000275548401696	0.04133514761626929
19.132045279281787	0.040581710000910945
19.264728852802353	0.0398418770642177
19.398332606597663	0.039115405771324004
19.532862922254562	0.038402057376292154
19.668326225617008	0.03770159734746644
19.80472898709328	0.03701379529410659
19.94207772196479	0.03633842489427715
20.0803789906974	0.03567526382397482
20.21963939925488	0.035024093687469796
20.3598655994142	0.0343846999488425
20.501064289083516	0.03375687186469508
20.643242212621853	0.033140402418017016
20.786406161161498	0.03253508825318817
20.9305629729321	0.03194072961209502
21.075719533587602	0.03135713027134737
21.22188277653486	0.030784097480572103
21.369059683264933	0.030221441901769047
21.517257283686682	0.029668977549707883
21.666482656462268	0.029126521733295177
21.81674292934558	0.02859389498904092
21.968045279522382	0.02807092101556173
22.120396933953444	0.027557426635608718
22.273805169719427	0.02705324174380118
22.42827731436878	0.026558199252826743
22.58382074626747	0.026072135040569124
22.740442894951535	0.02559488789815074
22.89815124148205	0.025126299478870823
23.056953318802215	0.024666214248027857
23.216856712097464	0.024214479433607657
23.377869059157458	0.02377094497782518
23.539998050741218	0.02333546348950348
23.70325143094417	0.022907890197277476
23.867636997568344	0.022488082903606123
24.033162602494524	0.022075901939582337
24.19983615205762	0.02167121012052305
24.36766560742402	0.02127387270233083
24.53665898497198	0.020883757338609255
24.706824356674662	0.020500734038522896
24.878169850485385	0.020124675125387032
25.05070365072621	0.019755455195975283
25.224433998478496	0.019392951080533103
25.39936919197692	0.019037041803484634
25.575517587005457	0.01868760854482218
25.752887597296866	0.018344534602164543
25.93148769493426	0.018007705353475078
26.1113264107559	0.017677008220426487
26.292412334762822	0.017352332632402642
26.474754116528796	0.01703356999112553
26.658360465613875	0.016720613635896425
26.843240151979998	0.016413358809442568
27.02940200641029	0.016111702623855403
27.216854920930476	0.015815544017603527
27.405607849233988	0.01552478372450104
27.595669807109307	0.015239324252120472
27.78704987287075	0.014959069850863585
27.979757187792234	0.014683926483153835
28.17380095654357	0.014413801793166434
28.36919044763052	0.014148605077087437
28.5659349938371	0.013888247253891903
28.76404399267179	0.013632640836633084
28.963526906815964	0.013381699904232776
29.16439326457631	0.013135340073765343
29.36665266033953	0.012893478473225957
29.570314755031024	0.012656033714775116
29.775389276575993	0.012422925868451448
29.981886020364243	0.012194076436344056
30.189814849718207	0.011969408327217311
30.399185696363737	0.011748845831579346
30.610008560904863	0.011532314597187614
30.82229351330109	0.011319741604982964
31.03605069334881	0.011111055145445541
31.251290311165167	0.010906184795365004
31.46802264767622	0.010705061395017665
31.686258055107604	0.010507617025743939
31.90600695747917	0.01031378498791875
32.12727985110308	0.01012349977930853
32.350087305084735	0.009936697073807663
32.574439961828084	0.009753313700548107
32.80034853754349	0.009573287623375873
33.027823822760084	0.00939655792068733
33.25687668284064	0.009223064765620069
33.487518058501124	0.009052749406591289
33.719758966332755	0.008885554147035287
33.95361049932849	0.00872142231978088
34.18908382741302	0.008560298273792882
34.42619019797584	0.008402127359717295
34.664940936409046	0.008246855912044758
34.905347446647745	0.00809443123157335
35.14742121171527	0.007944801568180537
35.39117379427119	0.007797916103899196
35.63661683716407	0.007653724936292055
35.88376206398711	0.0075121790621195915
36.132621279638634	0.007373230361296204
36.38320637088548	0.007236831581129545
36.635529306930984	0.007102936320838295
36.8896021399869	0.006971499016343127
37.14543700584854	0.006842474925326631
37.40304612447509	0.006715820112556843
37.66244180057266	0.006591491435470523
37.9236364241826	0.006469446530010931
38.186642471272755	0.006349643796716252
38.451472504333964	0.006232042387053599
38.718139172979555	0.006116602189995318
38.986655214549835	0.006003283818832191
39.257033454720656	0.005892048598220267
39.52928680811555	0.005782858551456881
39.80342827892315	0.005675676387981776
40.07947096151783	0.005570465491099675
40.35742804108561	0.005467189905920135
40.63731279425352	0.005365814327511043
40.91913858972419	0.005266304089261991
41.20291888891401	0.005168625151453802
41.488667246596286	0.005072744090030665
41.7763973115489	0.004978628085569494
42.066122827205724	0.004886244910320269
42.357857632313724	0.004795562913681421
42.65161566159329	0.0047065510172551615
42.94741094640449	0.0046191787057474135
43.245257615416634	0.004533416016852089
43.545169895283784	0.004449233531315434
43.84716211132362	0.004366602363177219
44.151248688202365	0.004285494150185889
44.45744415062319	0.0042058810443843615
44.76576312402024	0.004127735702863575
45.07622033525746	0.004051031278680829
45.38883061333147	0.003975741411939971
45.70360889008048	0.00390184022103058
46.02057020089692	0.0038293022940233223
46.339729685446194	0.0037581026802188575
46.661102588389234	0.0036882168818472873
46.98470426011126	0.0036196208459158396
47.310550157454465	0.003552290956201845
47.63865584445653	0.0034862040253887446
47.9690369930943	0.0034213372873422867
48.301709384031746	0.0033576683895247365
48.63668890737447	0.0032951753855443894
48.97399156342792	0.0032338367278381785
49.31363346346244	0.0031736312604849575
49.65563083048202	0.003114538212147157
49.99999999999998	0.003056537189138503
