0.0033333333333333288
0.003450348446906813
0.0035714713215216952
0.0036968461582154
0.003826622220135583
0.003960954010243193
0.004100001455253594
0.004243930096034979
0.004392911284690634
0.0045471223885595454
0.004706747001378494
0.004871975161856901
0.005043003579924483
0.005220035870921389
0.005403282798009468
0.005592962523093108
0.005789300866548703
0.005992531576071805
0.006202896604961847
0.006420646400176105
0.006646040200495667
0.006879346345158176
0.007120842593325181
0.007370816454764264
0.007629565532139356
0.007897397875317244
0.008174632348111848
0.008461599007902615
0.008758639498579518
0.009066107457282199
0.00938436893541722
0.009713802834455217
0.010054801357026518
0.01040777047385194
0.010773130407065304
0.011151316130502758
0.01154277788755418
0.0119479817271939
0.012367410058828377
0.01280156222662152
0.013250955103981388
0.01371612370891627
0.014197621840992365
0.014696022740651522
0.015211919771674305
0.015745927127600323
0.01629868056294714
0.016870838150098533
0.017463081062762693
0.01807611438693337
0.018710667960319696
0.019367497241243536
0.02004738420803905
0.02075113829002558
0.021479597331161584
0.022233628587527202
0.023014129759823292
0.02382203006211557
0.02465829132809644
0.02552390915618207
0.026419914094807147
0.027347372869328864
0.028307389652001202
0.02930110737653065
0.030329709098778787
0.0313944194052322
0.032496505870915314
0.03363728056848335
0.03481810163029075
0.03604037486529529
0.03730555543272341
0.03861514957448816
0.03997071640842298
0.0413738697844666
0.042826280206007934
0.04432967681867878
0.04588584946896293
0.04749665083507106
0.049163998632618944
0.0508898778977358
0.05267634335031929
0.05452552184025143
0.05643961487948869
0.05842090126303903
0.060471739781947094
0.06259457203151843
0.06479192531812421
0.06706641566804783
0.0694207509419569
0.07185773405870606
0.07438026633231003
0.07699135092606055
0.07969409642789753
0.08249172055129167
0.0853875539660463
0.0883850442635763
0.09148776006138641
0.09469939525163665
0.09802377339885017
0.10146485229200074
0.10502672865640053
0.108713643030995
0.11252998481687293
0.11648029750300382
0.12056928407542042
0.12480181261628837
0.1291829220995301
0.13371782838989993
0.13841193045265335
0.14327081678120634
0.1483002720504325
0.1535062840035208
0.15889505058059575
0.16447298729758225
0.1702467348841016
0.17622316718949566
0.1824093993663834
0.18881279634150228
0.1954409815839114
0.2023018461809982
0.20940355823309711
0.21675457257789915
0.22436364085623206
0.23223982193119824
0.24039249267306864
0.24883135912277474
0.257566468047294
0.2666082189006776
0.27596737620496425
0.2856550823657249
0.29568287093748646
0.30606268035483225
0.3168068681455305
0.3279282256426045
0.3394399932128613
0.35135587602001767
0.36369006034117707
0.37645723045608875
0.3896725861293031
0.4033518607060227
0.41751133984320093
0.4321678808981927
0.44733893299802857
0.46304255781321113
0.47929745106077287
0.4961229647621821
0.5135391302826012
0.5315666821789363
0.5502270828850528
0.5695425482635543
0.5895360740545529
0.610231463252903
0.6316533544464998
0.6538272511493899
0.676779552164598
0.7005375830128249
0.7251296284644482
0.7505849662135308
0.7769339017339401
0.8042078043590878
0.8324391446282192
0.8616615329437264
0.8919097595855218
0.9232198361300848
0.9556290383235033
0.9891759504595685
1.023900511315728
1.0598440617015976
1.0970493936766603
1.1355608014957013
1.1754241343426886
1.2166868509158302
1.259398075928817
1.3036086585955307
1.3493712331678156
1.3967402815983958
1.4457721984035674
1.496525357802847
1.5490601832155197
1.6034392191968605
1.6597272058996166
1.7179911561494234
1.7783004352259466
1.840726843444676
1.9053447016377114
1.9722309396353472
2.0414651878537255
2.1131298720976353
2.1873103116913475
2.2640948210542606
2.343574814842306
2.425844916780329
2.5110030723149515
2.599150665222047
2.6903926383077184
2.7848376183463817
2.882598045404741
2.9837903067056692
3.088534875191268
3.196956452950126
3.309184119679565
3.4253514863595402
3.5455968543211864
3.670063379899448
3.7988992448657073
3.93225783284337
4.070297911916495
4.213183823648758
4.361085678737834
4.514179559538204
4.67264772969336
4.836678851127055
5.006468208651995
5.18221794246325
5.364137288793226
5.552442829014806
5.747358747489062
5.949117098464571
6.15795808234623
6.374130331662192
6.597891207069696
6.829507103751949
7.069253768570897
7.317416628353643
7.574291129703062
7.840183090737328
8.115409065177206
8.400296719214335
8.6951852216093
9.000425647484047
9.316381396289096
9.643428624443313
9.98195669316144
10.332368632002243
10.695081618689317
11.070527475775924
11.459153184744855
11.86142141815554
12.277811090472092
12.708817928227752
13.154955060204667
13.616753628331873
14.094763420028348
14.589553522744175
15.10171300147931
15.631851600086046
16.18060046719045
16.748612907597124
17.336565160071427
17.94515720242542
18.57511358486621
19.227184292598327
19.902145638707378
20.600801188388225
21.32398271561751
22.07255119340965
22.84739781883571
23.649445074024687
24.479647824410797
25.338994455534543
26.228508049750317
27.149247604241747
28.102309291795297
29.088827765832388
30.109977511253966
31.166974242706353
32.26107635193212
33.39358640592943
34.565852697704265
35.779270851460225
37.03528548413832
38.335391925284284
39.68113799729075
41.074125858134245
42.51601390880072
44.00851876766989
45.55341731420988
47.15254880441479
48.80781706050329
50.521192737485975
52.29471566929957
54.130497297300565
56.03072318401056
57.99765561510512
60.03363629274448
62.14108912345208
64.32252310386043
66.58053530776
68.91781397800648
71.33714172696841
73.84139884932532
76.43356675115915
79.11673149942331
81.8940874960139
84.76894128081702
87.74471546826084
90.82495282205856
94.01332047299269
97.31361428476315
100.72976337309677
104.26583478349701
107.92603833320473
111.71473162313389
115.63642522574791
119.69578805505492
123.89765292511424
128.24702230367072
132.74907426776866
137.4091686684343
142.23285351176713
147.2258715640356
152.39416718864214
157.74389342309723
163.2814193044259
169.01333745173037
174.9464719149352
181.08788629905766
187.44489217367794
194.0250577776202
200.8362170292058
207.88647885280864
215.18423683281517
222.73817920648042
230.55729920758006
238.65090577317196
247.02863462621147
255.70045974721862
264.6767052486532
273.96805766613204
283.58557868112536
293.54071829027845
303.845328437033
314.51167712178324
325.5524630073619
336.98083053724304
348.81038558446477
361.0552116498985
373.72988662915293
386.84950016806874
400.42967162747317
414.4865686785789
429.0369265511624
444.09806795744413
459.68792371538694
475.82505409596286
492.5286709198083
509.81866042957324
527.7156069651892
546.2408174702498
565.4163468586777
585.2650242718711
605.8104802576006
627.0771749030074
649.0904269551937
671.876443964082
695.4623534834257
719.8762353671115
745.1471551992133
771.3051988975938
798.3815085322424
826.4083194010055
855.4189984068415
885.4480837822919
916.5313262084571
948.7057313774404
982.0096040489271
1016.4825936533413
1052.165741495888
1089.1015296176722
1127.3339313720558
1166.9084637764809
1207.8722417020838
1250.274033965596
1294.164321390337
1339.5953569054132
1386.6212277546567
1435.2979198893943
1485.6833846216914
1537.8376076174193
1591.8226803113007
1647.7028738289478
1705.5447155038876
1765.417068080694
1827.3912116985082
1891.5409287525397
1957.9425917346055
2026.6752541572673
2097.820744669808
2171.4637644781164
2247.6919881844565
2326.596168167148
2408.270242624466
2492.8114474113786
2580.3204318022204
2670.9013783172213
2764.662126755441
2861.714302581826
2962.1734498212745
3066.159168617845
3173.79525762291
3285.2098613818353
3400.535622894546
3519.909841531658
3643.4746364942403
3771.377116011699
3903.7695524792707
4040.8095637437
4182.660300752803
4329.490641792379
4481.475393541789
4638.795499187427
4801.638253841911
4970.19752752555
5144.673995975385
5325.275379556679
5512.21669056136
5705.720489187689
5906.017148505956
6113.345128725779
6327.951261091329
6550.091041742564
6780.028935892427
7018.038692681941
7264.40367108814
7519.417177272959
7783.382813774489
8056.614840956423
8339.438551146139
8632.190655906608
8935.21968690329
9248.886410843414
9573.564258981378
9909.639771701724
10257.51305870914
10617.598275373086
10990.32411579423
11376.134323179971
11775.48821813625
12188.861245504804
12616.745540397085
13059.650514098328
13518.103460539522
13992.650184059517
14483.85564920407
14992.304653336172
15518.60252285775
16063.375833871967
16627.273158144228
17210.965835249568
17815.148771825927
18440.541268885085
19087.887878165686
19757.95928854817
20451.553243587132
21169.495491252965
21912.640767013705
22681.873811427868
23478.110423459057
24302.29855076666
25155.419418271114
26038.4886963365
26952.557709961664
27898.71469041983
28878.08607083605
29891.83782724523
30941.176866727925
32027.352464275213
33151.657750094826
34315.43124912794
35520.05847460995
36766.97357757301
38057.66105425305
39393.6575134345
40776.553505837415
42207.995417723825
43689.68743097812
45223.393551995985
46810.93971179572
48454.215939853006
50155.1786142479
51915.85279080148
53738.33461397556
55624.79381240695
57577.47628204529
59598.70675997084
61690.89159207618
63856.52159790532
66098.1750360614
68418.52067371496
70820.32096386458
73306.43533413389
75879.82359102133
78543.5494436534
81300.78415123766
84154.81029855895
87109.02570401154
90166.94746482086
93332.21614427214
96608.6001059286
99999.99999999996
