0.0001
0.00010381836236225079
0.000107782523635796
0.00011189805095138929
0.00011617072401300923
0.0001206065432146762
0.00012521173806719714
0.00012999277594667489
0.00013495637117706772
0.0001401094944595522
0.0001454593826619356
0.00015101354898186114
0.00015677979349808368
0.000162766214124629
0.0001689812179832242
0.0001754335332099686
0.00018213222121282459
0.00018908668939714642
0.0001963067043771129
0.0002038024056916235
0.0002115843200439141
0.00021966337608489496
0.00022805091976096998
0.00023675873024788958
0.00024579903649301764
0.0002551845343892421
0.00026492840460464557
0.00027504433109298084
0.0002855465203109393
0.00029644972116920905
0.00030776924574533153
0.0003195209907874541
0.00033172146003917303
0.0003443877874168172
0.00035753776107172924
0.0003711898483713259
0.0003853632218340324
0.00040007778605450007
0.00041535420565693093
0.0004312139343157609
0.00044767924488445476
0.0004647732606747308
0.00048251998793014
0.0005009443495396015
0.0005200722200382437
0.0005399304619447055
0.0005605469634859289
0.0005819506777624153
0.0006041716634089581
0.0006272411268079503
0.0006511914659145422
0.0006760563157552122
0.0007018705956636277
0.0007286705583201532
0.0007564938406638526
0.0007853795167485058
0.0008153681526168578
0.0008465018632701594
0.0008788243718130179
0.0009123810708566122
0.0009472190862665018
0.0009833873433445577
0.001020936635537963
0.0010599196957717743
0.0011003912705052066
0.0011424081966156696
0.001186029481218509
0.0012313163845345562
0.0012783325059218494
0.0013271438731923854
0.0013778190353392807
0.0014304291588046027
0.0014850481274230566
0.0015417526461818886
0.0016006223489427034
0.0016617399102765043
0.0017251911615690006
0.0017910652115592286
0.0018594545714807735
0.0019304552849813451
0.0020041670630031538
0.002080693423813493
0.002160141838382213
0.0022426238813102292
0.0023282553875210265
0.002417156614935206
0.0025094524133565444
0.0026052723998067446
0.0027047511405550733
0.002808028340098574
0.0029152490373582306
0.003026563809366599
0.0031421289827329533
0.0032621068531829985
0.003386665913481342
0.0035159810900568904
0.0036502339886634737
0.0037896131494206853
0.003934314311593071
0.0040845406884795835
0.004240503252799303
0.004402421032974211
0.004570521420725111
0.004745040490412683
0.004926223330572162
0.005114324388107146
0.005309607825626037
0.005512347892422859
0.005722829309623464
0.005941347670037976
0.006168209853281164
0.006403734456743497
0.006648252243018275
0.006902106604413171
0.0071656540451985095
0.00743926468226947
0.007723322764925456
0.008018227214496508
0.008324392184574592
0.008642247642636535
0.008972239973875465
0.009314832608088745
0.00967050667050267
0.010039761657448085
0.010423116137835768
0.010821108481416566
0.011234297614849304
0.011663263806637935
0.012108609482040617
0.012570960069094785
0.013050964876946663
0.013549298007718563
0.01406665930319447
0.014603775327653697
0.015161400388232493
0.01574031759424689
0.01634133995696435
0.016965311531368512
0.017613108601520877
0.01828564091118369
0.01898385294143266
0.019708725237053363
0.02046127578358441
0.021242561436941133
0.02205367940762727
0.02289576880161956
0.02377001222008856
0.02467763742020281
0.02561991903934855
0.02659818038518613
0.02761379529405765
0.028668190060354894
0.029762845439558008
0.030899298727756964
0.03207914592057704
0.03330404395453986
0.03457571303400744
0.03589593904697782
0.0372665760731241
0.03868954898759979
0.04016685616426688
0.04170057228214261
0.043292851239007134
0.044945929176262604
0.04666212761929286
0.04844385673773337
0.05029361873022962
0.05221401133843862
0.054207731495206864
0.05627757911204981
0.05842646101125023
0.06065739500809888
0.06297351414900991
0.06537807111146231
0.06787444277194794
0.07046613494833945
0.07315678732333962
0.07595017855592587
0.07885023158796753
0.08186101915347006
0.08498676949818099
0.08823187231759237
0.09160088492167648
0.09509853863501434
0.09872974544130425
0.10249960488158091
0.10641341121583497
0.11047666085808758
0.11469506009536412
0.11907453310140642
0.12362123025637625
0.1283415367842371
0.13324208171994054
0.13832974721901417
0.14361167822262166
0.1490952924916708
0.1547882910240605
0.16069866886969425
0.1668347263584527
0.17320508075688795
0.17981867837001483
0.18668480710519228
0.19381310951573724
0.20121359634259403
0.20889666057307088
0.21687309203639157
0.22515409255655866
0.23375129168380535
0.24267676302673483
0.2519430412080759
0.2615631394678751
0.271550567938838
0.2819193526194925
0.29268405507181633
0.30385979287098763
0.3154622608359866
0.32750775307085334
0.3400131858475637
0.35299612136265685
0.3664747924009733
0.38046812794114876
0.39499577973881334
0.4100781499248392
0.4257364196573836
0.4419925788679748
0.45886945714341115
0.4763907557868392
0.49458108110304594
0.5134659789546977
0.5330719706380659
0.5534265901286183
0.5745584227487768
0.5964971453121578
0.6192735678006577
0.6429196766329249
0.667468679584981
0.6929550524260655
0.7194145873352176
0.7468844431665667
0.7754031976339452
0.8050109014880888
0.8357491347625249
0.8676610651671337
0.9007915087113789
0.9351869926423653
0.9708958207860864
1.007968141383647
1.046456017517718
1.086413500228124
1.1278967044192452
1.1709638876658552
1.2156755320280381
1.2620944289900875
1.3102857676427075
1.3603172262323042
1.4122590672059738
1.4661842358856392
1.5221684629099492
1.5802903705877558
1.6406315833125504
1.7032768421929543
1.7683141240601818
1.8358347650196625
1.9059335887202864
1.9787090395214755
2.0542633207450196
2.1327025382058684
2.2141368492234865
2.298680617322964
2.3864525728431754
2.477575979677582
2.5721788083817545
2.670393915890797
2.7723592320990034
2.8782179535638535
2.988118744606284
3.1022159460896876
3.220669792170915
3.3436466353275467
3.471319179977562
3.6038667250194143
3.7414754156332317
3.884338504696641
4.032656624182389
4.186638066918978
4.346499079109871
4.512464164022185
4.684766397271257
4.86364775414403
5.049359449420726
5.242162290172156
5.442327042028188
5.650134809431594
5.865877430411355
6.0898578864299395
6.3223907278799345
6.563802515827742
6.8144322806245725
7.074631998029002
7.3447670835095
7.625216905421203
7.916375317777782
8.218651213366313
8.532469097982167
8.858269686590189
9.19651052224961
9.547666618671633
9.912231127312163
10.290716029936746
10.68365285762997
11.091593437259233
11.515110666441405
11.954799318100317
12.411276875745287
12.885184400643466
13.377187432104233
13.887976922139456
14.41827020581249
14.968812008638839
15.540375492452764
16.133763341209043
16.749808888244367
17.389377286582008
18.05336672392266
18.742709684028014
19.45837425626885
20.201365495176137
20.97272683190464
21.773541539591736
22.604934254668525
23.468072556260346
24.364168605894275
25.294480849817038
26.26031578631321
27.26302980050597
28.304031069217675
29.38478153856442
30.506798977062612
31.67165910713025
32.88099781797725
34.13651346299143
35.43996924484693
36.79319569168538
38.19809322784594
39.656634842755516
41.17086886172648
42.74292182255423
44.37500146195296
46.069399816024365
47.828496439114225
49.65476174557587
51.55076047913418
53.51915531472344
55.56271059785533
57.68429622677022
59.88689168282241
62.173590214761134
64.54760318278167
67.01226456844793
69.5710356568214
72.22750989736947
74.98541795048166
77.84863292667922
80.82117582587823
83.90722118434218
87.11110293725554
90.43732050515314
93.89054511275012
97.47562634904737
101.1975989779275
105.06169000880206
109.07332603724286
113.23814086590392
117.56198341644
122.05092594352898
126.71127256253514
131.54956810279185
136.57260729893218
141.78744433317934
147.2014027419946
152.82208570099996
158.65738670261373
164.71550064139686
171.00493532268072
177.53452341063308
184.31343483254622
191.35118965676358
198.65767146233637
206.24314121917826
214.11825169821486
222.29406243176868
230.78205524518185
239.59415038149245
248.74272324181365
258.24062176491645
268.10118447043067
278.33825919099786
288.9662225196907
300.0000000000001
